3
0 25 1
0 27 11
0 28 3
0 29 5
0 42 9
0 46 21
0 47 1
0 50 5
0 52 2
0 53 21
0 54 3
0 58 2
0 59 4
0 60 4
0 61 5
0 83 4
0 84 9
0 92 4
0 93 34
0 95 9
0 96 5
0 100 3
0 104 3
0 106 15
0 107 4
0 117 7
0 166 1
0 167 4
0 176 1
0 184 2
0 185 10
0 186 16
0 191 1
0 192 7
0 193 9
1 29 4
1 30 11
1 35 3
1 43 7
1 44 11
1 47 1
1 48 4
1 50 6
1 52 1
1 54 7
1 55 1
1 56 2
1 57 1
1 85 7
1 86 8
1 92 1
1 93 3
1 94 1
1 100 13
1 101 1
1 105 1
1 107 10
1 109 3
1 119 2
1 121 3
1 122 5
1 169 11
1 186 23
1 187 9
1 190 8
1 191 5
2 25 11
2 31 13
2 36 12
2 45 11
2 48 1
2 49 4
2 50 3
2 58 5
2 59 3
2 70 2
2 87 10
2 95 16
2 100 4
2 108 4
2 109 3
2 156 1
2 170 4
2 171 2
2 187 20
2 188 5
2 189 6
2 190 4
3 27 1
3 29 7
3 30 12
3 31 26
3 45 2
3 46 4
3 49 8
3 50 13
3 51 4
3 53 2
3 54 1
3 60 22
3 71 6
3 77 1
3 88 7
3 89 3
3 96 15
3 100 25
3 105 3
3 109 4
3 113 3
3 114 1
3 172 11
3 173 7
3 189 9
4 25 2
4 29 3
4 30 1
4 46 3
4 50 6
4 60 7
4 61 30
4 72 7
4 90 8
4 97 15
4 100 20
4 104 1
4 115 2
4 116 11
4 139 1
4 140 1
4 173 5
4 174 7
4 190 11
5 50 11
5 62 44
5 73 4
5 91 13
5 98 17
5 100 23
5 104 5
5 117 1
5 118 4
5 119 1
5 140 4
5 141 1
5 175 9
5 176 6
5 191 11
5 192 2
6 50 12
6 61 1
6 62 16
6 73 8
6 92 18
6 99 26
6 100 47
6 101 1
6 102 2
6 108 6
6 119 5
6 120 4
6 121 6
6 176 5
6 177 12
6 192 13
6 193 4
7 30 1
7 34 1
7 53 11
7 58 4
7 59 9
7 60 2
7 61 8
7 91 6
7 100 30
7 104 3
7 119 2
7 121 25
7 143 3
7 144 1
7 176 3
7 178 8
7 192 3
7 193 12
8 30 5
8 36 5
8 59 1
8 60 14
8 92 3
8 100 8
8 104 1
8 122 23
8 144 8
8 145 1
8 179 10
8 180 5
8 194 10
9 31 2
9 33 2
9 36 16
9 37 1
9 40 1
9 51 3
9 59 2
9 61 2
9 100 3
9 121 5
9 122 2
9 123 16
9 124 5
9 145 5
9 180 9
9 181 6
9 183 1
9 195 10
9 196 2
10 30 1
10 31 5
10 32 2
10 34 2
10 37 1
10 100 21
10 122 1
10 123 2
10 124 28
10 126 1
10 127 1
10 128 1
10 146 5
10 180 1
10 181 2
10 182 4
10 196 8
10 197 4
11 26 2
11 27 7
11 31 6
11 32 5
11 33 21
11 34 11
11 35 6
11 36 1
11 38 7
11 46 1
11 100 25
11 116 1
11 124 13
11 125 21
11 146 4
11 180 3
11 182 4
11 183 7
11 197 12
12 25 7
12 27 2
12 29 2
12 33 13
12 34 15
12 35 2
12 39 12
12 100 36
12 123 3
12 124 3
12 125 32
12 146 1
12 147 3
12 183 3
12 184 20
12 186 2
12 198 11
13 25 2
13 34 13
13 36 9
13 40 12
13 47 3
13 57 4
13 59 8
13 60 9
13 61 10
13 62 1
13 64 1
13 65 5
13 100 51
13 101 3
13 124 4
13 125 27
13 126 3
13 147 3
13 183 1
13 185 17
13 186 1
13 198 3
13 199 18
14 26 2
14 27 1
14 28 2
14 32 3
14 35 2
14 36 6
14 37 15
14 40 6
14 41 10
14 44 4
14 47 4
14 59 2
14 62 8
14 63 1
14 68 1
14 69 2
14 107 5
14 118 8
14 119 2
14 122 6
14 181 2
15 31 11
15 32 1
15 36 12
15 37 15
15 38 4
15 39 1
15 40 1
15 41 5
15 47 16
15 70 1
15 71 2
15 107 4
15 117 3
15 121 5
15 122 4
15 182 3
16 31 3
16 36 2
16 37 26
16 39 8
16 40 4
16 41 21
16 47 4
16 57 1
16 60 16
16 66 3
16 71 3
16 72 14
16 73 4
16 120 2
16 121 5
16 185 3
17 37 4
17 40 15
17 41 26
17 46 24
17 50 5
17 56 1
17 57 1
17 59 4
17 62 1
17 67 2
17 71 13
17 72 20
17 73 7
17 74 10
17 104 1
17 118 1
17 120 2
17 121 2
17 186 1
18 31 3
18 33 1
18 34 2
18 41 3
18 42 1
18 45 19
18 61 6
18 62 7
18 63 6
18 70 2
18 81 3
18 118 2
19 30 40
19 32 8
19 33 5
19 36 4
19 37 26
19 39 1
19 44 13
19 60 3
19 61 6
19 64 2
19 65 2
19 67 1
19 68 1
19 69 1
19 70 1
19 71 1
19 73 17
19 76 4
19 79 7
19 80 5
19 89 2
19 102 2
20 29 18
20 30 3
20 34 1
20 37 8
20 38 3
20 40 30
20 51 1
20 57 1
20 60 7
20 64 4
20 65 2
20 66 2
20 67 8
20 72 6
20 73 7
20 74 24
20 75 7
20 78 3
21 26 1
21 28 9
21 39 6
21 40 19
21 41 3
21 43 31
21 46 2
21 53 17
21 54 5
21 55 3
21 60 1
21 62 2
21 64 5
21 71 1
21 72 2
21 74 4
21 75 15
22 27 18
22 30 2
22 31 1
22 34 5
22 35 1
22 40 21
22 41 13
22 42 2
22 44 10
22 45 1
22 50 6
22 51 7
22 53 2
22 54 4
22 55 2
22 60 4
22 62 9
22 63 17
22 64 8
22 65 3
22 66 23
22 69 1
22 73 4
22 76 2
22 82 1
23 26 8
23 27 5
23 30 1
23 37 2
23 38 2
23 41 7
23 42 16
23 44 14
23 49 3
23 50 4
23 54 5
23 56 8
23 57 7
23 59 1
23 61 13
23 64 21
23 66 2
23 67 34
23 68 4
23 69 7
23 71 6
23 72 1
23 73 1
23 77 3
23 78 1
23 84 1
23 93 4
23 94 4
24 25 3
24 26 5
24 30 3
24 39 4
24 40 3
24 45 11
24 47 7
24 48 2
24 49 6
24 50 1
24 55 10
24 56 23
24 60 4
24 65 12
24 68 1
24 69 11
24 70 8
24 71 1
24 78 7
25 1 1
25 2 32
25 3 10
25 4 8
25 5 33
25 6 26
25 7 17
25 8 4
25 16 2
25 17 25
25 21 22
25 22 34
25 26 7
25 27 1
25 28 3
25 29 3
25 46 20
25 47 1
25 51 6
25 67 12
25 68 7
25 69 9
25 70 3
25 79 6
25 86 3
26 0 7
26 4 30
26 5 14
26 10 11
26 18 9
26 19 16
26 23 4
26 26 1
26 29 7
26 30 14
26 43 5
26 44 10
26 47 4
26 48 8
26 51 12
26 52 6
26 53 3
26 68 21
26 69 6
26 70 4
26 71 5
26 72 4
26 74 1
26 80 15
26 87 12
26 88 2
26 100 10
26 101 4
26 102 3
26 118 1
26 120 14
26 122 9
26 123 21
26 129 2
26 130 7
26 131 1
26 136 1
27 0 15
27 5 6
27 6 8
27 20 16
27 23 1
27 24 5
27 26 3
27 30 12
27 31 7
27 48 2
27 49 6
27 52 10
27 54 2
27 69 3
27 70 16
27 71 4
27 72 4
27 73 4
27 88 13
27 100 1
27 103 1
27 115 3
27 121 9
27 122 7
27 123 10
27 124 7
27 129 1
27 130 5
27 131 15
28 1 2
28 2 12
28 3 19
28 5 2
28 6 33
28 7 63
28 8 56
28 9 52
28 10 46
28 11 28
28 12 12
28 13 15
28 14 16
28 15 16
28 16 21
28 17 22
28 18 20
28 19 25
28 20 13
28 21 35
28 22 45
28 23 41
28 24 31
28 29 10
28 30 7
28 31 25
28 45 7
28 46 9
28 49 6
28 52 17
28 53 8
28 57 2
28 71 22
28 72 1
28 73 5
28 74 14
28 75 4
28 78 1
28 81 9
28 83 2
28 95 11
28 118 1
28 120 5
28 122 5
28 123 2
28 124 3
28 127 1
28 129 6
28 130 2
28 132 3
29 0 23
29 2 8
29 3 26
29 4 31
29 6 18
29 7 12
29 8 3
29 15 1
29 19 1
29 21 4
29 22 4
29 25 3
29 30 11
29 46 2
29 53 9
29 55 2
29 59 1
29 72 8
29 75 6
29 76 3
29 77 1
29 78 4
29 81 9
29 83 7
29 89 9
29 95 20
29 123 11
29 124 9
29 126 1
29 129 5
29 130 4
29 132 2
29 134 1
30 0 15
30 1 18
30 2 14
30 3 11
30 4 11
30 5 5
30 6 4
30 7 2
30 9 3
30 10 4
30 11 4
30 12 1
30 17 1
30 56 1
30 63 7
30 74 2
30 76 6
30 77 17
30 79 1
30 80 4
30 81 5
30 82 2
30 90 5
30 95 17
30 111 1
30 128 5
30 130 3
30 132 4
30 133 8
30 134 4
30 140 2
30 143 1
30 144 1
30 147 1
31 0 38
31 1 27
31 2 19
31 3 21
31 4 9
31 5 13
31 6 28
31 7 25
31 8 28
31 9 28
31 10 28
31 11 27
31 12 27
31 13 27
31 14 27
31 15 24
31 16 24
31 17 25
31 18 24
31 19 22
31 20 21
31 21 24
31 22 21
31 23 19
31 24 18
31 62 3
31 63 2
31 73 19
31 74 18
31 77 4
31 78 20
31 81 6
31 82 10
31 83 9
31 110 2
31 120 2
31 122 5
31 123 2
31 131 1
31 140 9
31 141 3
31 146 3
31 147 2
32 5 4
32 6 8
32 7 5
32 10 6
32 62 4
32 72 7
32 73 6
32 75 6
32 78 1
32 82 9
32 91 6
32 94 21
32 112 1
32 121 6
32 130 1
32 131 1
32 132 4
32 133 2
32 140 29
32 141 15
32 142 9
32 145 25
32 146 20
32 147 9
33 3 2
33 4 5
33 10 5
33 12 1
33 36 4
33 62 2
33 65 5
33 72 9
33 73 17
33 74 14
33 75 7
33 76 15
33 79 4
33 80 10
33 82 24
33 108 1
33 113 3
33 115 4
33 120 24
33 128 1
33 131 3
33 133 9
33 134 8
33 140 13
33 142 18
33 143 16
33 144 4
33 145 14
34 1 1
34 4 3
34 7 3
34 8 2
34 9 1
34 10 11
34 11 9
34 15 34
34 16 16
34 17 9
34 18 18
34 19 7
34 30 6
34 31 1
34 36 23
34 44 2
34 62 3
34 63 3
34 80 9
34 81 27
34 82 26
34 92 1
34 93 20
34 100 3
34 101 1
34 115 1
34 118 4
34 121 1
34 123 3
34 128 2
34 129 1
34 134 4
34 135 8
34 136 2
34 141 5
34 142 11
34 143 1
34 144 7
34 145 5
34 146 26
34 147 13
35 1 4
35 2 8
35 3 6
35 4 4
35 5 1
35 7 5
35 8 4
35 9 2
35 12 4
35 14 26
35 15 7
35 16 5
35 17 3
35 26 2
35 29 2
35 30 2
35 33 2
35 37 7
35 38 8
35 40 3
35 42 1
35 61 1
35 65 12
35 67 1
35 68 3
35 75 23
35 81 6
35 82 8
35 92 38
35 93 2
35 116 2
35 118 2
35 119 2
35 120 5
35 121 1
35 122 2
35 133 3
35 134 1
35 135 6
35 136 1
35 137 2
35 140 1
35 141 5
35 142 1
35 145 18
35 146 15
35 147 12
35 148 7
35 149 6
36 0 6
36 1 18
36 3 7
36 4 13
36 5 10
36 6 25
36 7 21
36 8 14
36 13 14
36 17 2
36 25 5
36 31 6
36 34 1
36 64 1
36 65 19
36 66 6
36 67 13
36 68 8
36 82 2
36 91 24
36 119 8
36 120 4
36 122 3
36 123 2
36 127 2
36 131 2
36 139 3
36 143 5
36 145 17
36 149 2
37 0 7
37 3 6
37 4 12
37 8 6
37 9 25
37 10 11
37 13 1
37 14 6
37 28 10
37 29 2
37 33 6
37 34 19
37 35 3
37 60 2
37 61 6
37 63 6
37 65 12
37 66 7
37 67 3
37 68 9
37 90 37
37 91 1
37 117 2
37 120 2
37 121 5
37 124 9
37 126 6
37 128 2
37 132 5
37 133 2
37 141 3
37 146 35
37 147 18
37 162 6
37 163 3
38 0 1
38 1 4
38 2 7
38 9 31
38 10 13
38 11 22
38 15 1
38 18 2
38 26 8
38 27 2
38 34 14
38 35 15
38 36 9
38 37 6
38 39 3
38 44 2
38 61 49
38 64 7
38 65 2
38 66 1
38 72 2
38 73 11
38 74 28
38 89 24
38 101 1
38 104 3
38 116 3
38 117 3
38 119 2
38 121 3
38 123 13
38 126 3
38 128 5
38 129 1
38 130 3
38 133 6
38 137 1
38 144 7
38 145 4
38 147 18
38 148 4
38 152 2
38 155 1
38 160 11
38 161 2
39 1 9
39 2 9
39 3 9
39 4 12
39 7 4
39 8 4
39 9 11
39 10 12
39 11 4
39 12 27
39 15 4
39 16 1
39 19 3
39 20 3
39 21 2
39 27 1
39 28 2
39 35 4
39 36 17
39 37 2
39 38 2
39 44 4
39 60 2
39 61 5
39 66 4
39 67 3
39 72 1
39 73 18
39 75 28
39 79 2
39 80 10
39 87 17
39 88 2
39 100 1
39 101 5
39 102 6
39 119 5
39 120 11
39 121 5
39 122 5
39 125 3
39 127 3
39 128 3
39 129 10
39 130 7
39 135 4
39 137 5
39 139 4
39 140 6
39 141 1
39 142 3
39 143 3
39 144 3
39 145 3
39 146 12
39 147 21
39 149 4
39 150 10
39 151 5
39 152 2
39 153 1
39 158 1
39 159 5
39 161 1
39 178 3
39 179 2
40 2 2
40 3 15
40 4 16
40 5 12
40 6 5
40 7 1
40 9 2
40 10 3
40 12 20
40 13 13
40 14 12
40 20 1
40 36 3
40 37 16
40 38 6
40 39 8
40 45 1
40 47 2
40 60 40
40 69 1
40 72 10
40 75 8
40 77 1
40 78 2
40 80 12
40 100 3
40 101 1
40 102 2
40 103 2
40 108 2
40 110 1
40 116 1
40 117 1
40 120 13
40 121 2
40 124 3
40 126 2
40 128 8
40 129 13
40 130 12
40 131 7
40 132 5
40 137 6
40 138 2
40 142 1
40 145 1
40 146 5
40 149 16
40 150 25
40 152 8
40 155 10
40 160 3
41 6 2
41 7 1
41 11 9
41 14 13
41 15 1
41 22 4
41 36 6
41 37 1
41 38 6
41 40 14
41 47 6
41 58 10
41 59 22
41 60 1
41 75 2
41 78 5
41 79 3
41 81 31
41 86 3
41 102 1
41 107 4
41 108 5
41 109 4
41 110 1
41 117 2
41 122 6
41 123 2
41 129 7
41 133 2
41 134 1
41 135 10
41 144 10
41 145 7
41 147 1
41 148 9
41 149 13
41 151 10
41 152 3
41 156 3
41 161 3
42 6 1
42 9 4
42 10 4
42 11 10
42 12 17
42 15 11
42 16 2
42 21 7
42 40 8
42 41 6
42 55 8
42 56 5
42 57 4
42 77 1
42 80 1
42 82 2
42 86 11
42 87 5
42 103 3
42 107 18
42 110 4
42 112 10
42 113 12
42 124 1
42 126 4
42 128 3
42 130 7
42 134 2
42 144 1
42 148 4
42 149 1
42 150 13
43 5 1
43 6 23
43 8 2
43 9 17
43 10 24
43 11 22
43 12 7
43 13 1
43 14 1
43 16 1
43 20 29
43 31 1
43 33 1
43 37 2
43 52 5
43 53 2
43 67 2
43 68 3
43 79 26
43 80 2
43 81 23
43 82 37
43 87 45
43 91 5
43 92 1
43 106 14
43 107 4
43 108 8
43 109 9
43 110 17
43 111 3
43 114 6
43 117 2
43 125 8
43 128 1
43 132 1
43 134 12
43 135 6
43 136 1
43 142 2
43 149 2
43 150 1
43 151 6
43 164 2
44 2 1
44 3 1
44 5 10
44 7 13
44 8 21
44 9 7
44 10 7
44 12 14
44 18 3
44 19 29
44 20 3
44 24 9
44 30 11
44 32 8
44 33 2
44 36 8
44 37 2
44 43 4
44 44 14
44 50 6
44 55 6
44 67 3
44 68 4
44 80 42
44 81 14
44 82 9
44 88 25
44 89 5
44 90 6
44 102 1
44 103 1
44 104 3
44 105 4
44 106 2
44 108 8
44 110 15
44 111 7
44 118 1
44 124 12
44 126 15
44 131 3
44 132 15
44 133 7
44 135 3
44 137 6
44 142 6
44 143 4
44 144 1
44 147 5
44 148 3
44 150 1
45 0 1
45 1 2
45 4 23
45 6 9
45 7 4
45 8 5
45 9 5
45 10 25
45 11 12
45 12 11
45 13 47
45 14 3
45 29 17
45 30 10
45 34 3
45 37 7
45 39 9
45 40 7
45 53 1
45 54 6
45 61 3
45 62 7
45 69 3
45 70 1
45 81 34
45 82 21
45 83 12
45 88 13
45 89 6
45 100 8
45 103 3
45 104 2
45 105 8
45 106 1
45 108 15
45 109 7
45 114 1
45 120 8
45 121 1
45 124 9
45 125 5
45 127 21
45 128 2
45 129 2
45 130 21
45 132 19
45 134 8
45 135 11
45 136 11
45 137 9
45 142 3
45 153 3
45 154 1
45 164 1
46 1 16
46 2 35
46 4 16
46 5 5
46 8 15
46 9 33
46 10 28
46 11 15
46 13 15
46 14 25
46 15 2
46 16 2
46 19 29
46 20 21
46 26 3
46 27 2
46 28 5
46 38 2
46 39 1
46 41 4
46 43 3
46 45 1
46 53 3
46 54 17
46 62 1
46 81 1
46 82 21
46 83 4
46 84 1
46 88 4
46 100 10
46 101 12
46 102 4
46 103 7
46 106 6
46 107 7
46 108 5
46 109 5
46 111 9
46 112 11
46 113 30
46 114 11
46 115 8
46 118 4
46 120 17
46 121 6
46 122 1
46 123 16
46 128 25
46 129 2
46 130 9
46 131 19
46 132 3
46 134 10
46 135 10
46 137 7
46 139 10
46 141 4
46 142 23
46 143 5
46 150 2
46 153 5
46 154 13
46 155 3
46 156 1
46 157 1
46 168 5
46 187 2
46 188 2
47 8 12
47 9 32
47 10 9
47 15 20
47 17 3
47 19 38
47 20 4
47 25 4
47 40 2
47 41 13
47 42 2
47 44 5
47 45 3
47 52 7
47 54 13
47 60 4
47 61 7
47 76 2
47 84 11
47 85 6
47 86 3
47 88 12
47 97 1
47 98 1
47 100 4
47 106 1
47 107 2
47 108 11
47 109 3
47 111 1
47 112 2
47 113 33
47 114 23
47 115 13
47 116 5
47 117 8
47 118 1
47 119 4
47 120 9
47 121 2
47 122 10
47 123 1
47 129 16
47 131 15
47 132 6
47 133 6
47 134 10
47 135 14
47 138 16
47 139 6
47 140 9
47 141 6
47 142 2
47 143 7
47 144 1
47 146 2
47 156 4
47 187 1
48 1 1
48 11 11
48 12 24
48 13 14
48 16 41
48 17 29
48 19 4
48 24 13
48 27 3
48 38 3
48 41 7
48 42 2
48 44 5
48 50 2
48 51 3
48 60 4
48 61 7
48 78 1
48 79 5
48 89 8
48 90 10
48 95 2
48 96 2
48 98 6
48 99 1
48 100 3
48 109 4
48 111 12
48 113 5
48 114 11
48 117 6
48 120 6
48 130 5
48 131 15
48 132 4
48 134 9
48 135 10
48 137 1
48 138 3
48 140 6
48 141 9
48 143 10
48 152 2
48 154 4
48 155 3
48 157 1
49 1 3
49 2 2
49 3 29
49 14 10
49 15 27
49 20 26
49 22 17
49 23 4
49 24 18
49 26 6
49 40 2
49 44 2
49 45 4
49 48 13
49 49 10
49 51 4
49 52 24
49 53 1
49 54 3
49 55 10
49 58 5
49 60 2
49 61 4
49 81 6
49 91 16
49 94 8
49 96 2
49 97 11
49 101 4
49 108 3
49 112 6
49 113 25
49 114 32
49 115 15
49 116 8
49 117 5
49 132 17
49 133 2
49 136 3
49 137 4
49 138 1
49 139 3
49 140 9
49 143 1
49 157 10
50 0 3
50 3 30
50 4 17
50 8 5
50 9 23
50 10 12
50 11 9
50 13 1
50 14 4
50 15 3
50 31 1
50 33 15
50 34 18
50 42 5
50 43 18
50 45 25
50 46 16
50 50 3
50 53 2
50 54 1
50 83 2
50 84 3
50 92 7
50 93 10
50 95 6
50 96 9
50 112 25
50 113 18
50 115 4
50 133 12
50 134 9
50 135 2
50 137 6
50 138 19
50 144 1
50 146 5
50 148 9
50 150 2
50 151 3
50 156 3
50 157 5
50 168 1
50 172 2
51 2 1
51 3 1
51 4 12
51 5 16
51 6 24
51 7 6
51 13 16
51 14 24
51 15 19
51 16 16
51 17 12
51 18 4
51 35 18
51 36 7
51 43 5
51 44 50
51 52 1
51 86 7
51 87 1
51 93 7
51 94 7
51 102 3
51 103 1
51 112 13
51 113 12
51 115 1
51 133 1
51 134 6
51 135 11
51 137 15
51 139 4
51 140 10
51 142 1
51 147 2
51 149 4
51 151 4
51 159 5
51 173 2
52 3 4
52 6 1
52 7 5
52 8 31
52 9 14
52 19 5
52 20 11
52 37 27
52 45 13
52 57 1
52 59 4
52 102 2
52 103 4
52 104 4
52 105 2
52 113 5
52 136 21
52 139 4
52 141 3
52 142 6
52 148 5
52 149 2
52 150 4
52 151 4
52 158 4
52 160 3
52 161 7
52 174 1
52 175 5
53 1 10
53 7 2
53 10 36
53 21 10
53 38 11
53 39 15
53 46 13
53 59 5
53 88 8
53 89 6
53 103 3
53 104 13
53 107 5
53 115 2
53 137 10
53 138 12
53 139 6
53 140 4
53 141 1
53 144 11
53 149 3
53 151 4
53 156 2
53 158 1
53 159 1
53 160 4
53 163 2
53 173 1
53 175 3
53 177 1
54 0 10
54 1 2
54 3 2
54 7 3
54 10 3
54 11 23
54 22 2
54 38 1
54 40 17
54 41 1
54 47 14
54 89 3
54 90 4
54 105 12
54 107 3
54 139 16
54 140 2
54 141 2
54 143 3
54 144 5
54 145 11
54 150 3
54 156 1
54 157 1
54 160 7
54 161 14
54 164 1
54 169 1
54 176 10
55 1 5
55 2 4
55 3 2
55 10 1
55 12 16
55 41 10
55 48 12
55 62 5
55 98 1
55 104 18
55 105 22
55 106 1
55 138 3
55 140 9
55 141 17
55 142 1
55 143 2
55 144 6
55 146 6
55 150 5
55 151 2
55 160 11
55 161 8
55 162 18
55 163 7
55 167 2
55 177 8
55 178 3
56 0 3
56 3 1
56 4 7
56 12 3
56 42 27
56 43 2
56 49 6
56 62 13
56 99 6
56 105 12
56 106 18
56 140 5
56 142 18
56 143 14
56 144 3
56 146 8
56 149 11
56 154 3
56 156 2
56 161 2
56 163 4
56 166 4
56 169 1
56 176 5
56 177 12
57 1 2
57 2 9
57 6 2
57 7 10
57 8 19
57 9 9
57 40 4
57 41 11
57 59 3
57 60 1
57 90 2
57 105 7
57 106 4
57 107 13
57 114 1
57 142 3
57 143 5
57 144 10
57 149 3
57 150 2
57 151 8
57 152 3
57 154 5
57 155 6
57 156 1
57 157 4
57 158 4
57 159 2
57 160 2
57 162 3
57 163 2
57 164 1
57 166 1
57 168 2
57 169 2
57 178 8
57 190 1
57 191 4
58 0 42
58 1 23
58 2 16
58 3 25
58 4 28
58 5 15
58 6 13
58 7 5
58 10 4
58 12 2
58 13 3
58 42 9
58 43 8
58 93 1
58 106 4
58 107 4
58 108 4
58 109 4
58 144 7
58 145 13
58 150 4
58 152 14
58 153 2
58 154 3
58 155 3
58 156 7
58 157 13
58 163 11
58 164 4
58 166 5
58 168 2
58 169 2
58 170 1
58 177 2
58 179 8
58 180 1
58 182 1
58 183 2
58 188 7
58 190 2
58 191 4
59 0 4
59 1 12
59 2 18
59 3 30
59 4 31
59 5 32
59 6 40
59 7 38
59 8 33
59 9 12
59 11 1
59 12 4
59 14 6
59 15 11
59 16 14
59 17 14
59 18 5
59 19 7
59 20 3
59 21 3
59 22 3
59 23 1
59 24 2
59 26 2
59 27 2
59 28 3
59 29 2
59 30 3
59 31 1
59 32 4
59 33 5
59 34 5
59 35 5
59 36 4
59 37 5
59 38 9
59 39 9
59 40 9
59 41 9
59 42 12
59 43 7
59 108 2
59 110 1
59 144 5
59 145 2
59 146 13
59 151 1
59 154 8
59 156 4
59 157 5
59 158 1
59 163 8
59 164 6
59 165 2
59 166 8
59 167 1
59 169 1
59 170 2
59 181 3
59 183 3
59 190 1
59 191 5
60 0 9
60 1 16
60 2 21
60 3 25
60 4 26
60 5 25
60 6 21
60 7 15
60 8 16
60 9 13
60 10 15
60 11 10
60 12 3
60 13 6
60 14 4
60 15 1
60 16 1
60 17 1
60 18 5
60 19 7
60 20 6
60 21 6
60 22 6
60 23 5
60 24 5
60 25 4
60 26 2
60 27 2
60 28 2
60 29 2
60 30 3
60 31 2
60 32 1
60 33 2
60 34 1
60 35 1
60 36 1
60 37 2
60 43 1
60 111 1
60 126 2
60 127 1
60 145 2
60 147 8
60 149 1
60 152 11
60 154 6
60 155 12
60 160 5
60 162 7
60 163 1
60 166 2
60 168 1
60 169 2
60 170 1
60 180 7
60 181 4
60 190 5
60 191 1
61 126 4
61 148 13
61 154 2
61 156 11
61 157 1
61 158 2
61 159 3
61 161 8
61 164 16
61 166 4
61 167 11
61 170 3
61 171 1
61 181 4
61 182 5
61 190 10
62 0 2
62 8 2
62 9 2
62 12 2
62 13 1
62 14 1
62 15 1
62 16 2
62 17 2
62 18 2
62 19 2
62 20 4
62 21 4
62 22 5
62 23 5
62 24 3
62 25 3
62 26 3
62 27 3
62 28 2
62 29 2
62 30 2
62 31 2
62 32 5
62 33 4
62 34 6
62 35 6
62 36 6
62 37 6
62 38 6
62 39 7
62 40 6
62 41 6
62 42 4
62 43 4
62 44 3
62 45 3
62 46 3
62 47 3
62 48 6
62 49 6
62 124 5
62 125 8
62 146 2
62 147 8
62 149 26
62 150 8
62 155 7
62 156 12
62 157 7
62 158 4
62 159 5
62 160 12
62 161 16
62 162 15
62 163 1
62 164 13
62 165 5
62 167 6
62 181 1
62 183 1
62 188 2
62 190 7
63 0 9
63 1 13
63 2 1
63 4 15
63 5 21
63 6 27
63 7 28
63 8 5
63 9 24
63 10 1
63 11 1
63 12 13
63 13 16
63 14 22
63 16 18
63 17 12
63 18 9
63 19 15
63 20 13
63 21 9
63 22 8
63 23 8
63 24 11
63 25 11
63 26 8
63 27 8
63 28 10
63 29 10
63 30 7
63 31 7
63 32 5
63 33 5
63 34 4
63 35 5
63 36 5
63 37 5
63 38 6
63 39 6
63 40 3
63 41 3
63 42 5
63 43 6
63 44 4
63 45 4
63 46 1
63 47 1
63 51 2
63 58 2
63 61 20
63 62 3
63 124 4
63 125 9
63 146 7
63 147 3
63 149 6
63 150 18
63 151 2
63 156 5
63 157 4
63 159 6
63 160 6
63 164 5
63 189 3
63 190 5
64 4 4
64 5 2
64 10 22
64 12 6
64 15 1
64 16 5
64 19 6
64 21 2
64 57 4
64 60 3
64 61 1
64 64 1
64 65 7
64 66 6
64 70 1
64 124 3
64 125 10
64 145 1
64 148 8
64 149 15
64 151 13
64 156 1
64 157 5
64 160 1
64 165 8
64 189 11
64 191 1
65 9 2
65 10 5
65 11 10
65 12 8
65 13 1
65 15 24
65 16 16
65 17 17
65 18 7
65 19 3
65 64 1
65 65 5
65 124 5
65 125 7
65 144 1
65 147 4
65 149 2
65 150 12
65 151 8
65 153 3
65 161 2
65 162 7
65 165 10
65 183 2
65 189 14
66 7 8
66 10 6
66 14 9
66 17 1
66 18 10
66 19 9
66 21 4
66 22 7
66 59 2
66 60 6
66 67 3
66 70 1
66 71 15
66 72 7
66 130 6
66 146 4
66 147 4
66 149 4
66 150 10
66 151 7
66 152 22
66 158 1
66 159 7
66 160 2
66 161 11
66 162 1
66 165 13
66 188 13
66 189 1
67 0 7
67 1 14
67 2 7
67 4 1
67 6 10
67 7 24
67 8 16
67 11 6
67 12 1
67 14 1
67 18 6
67 19 2
67 21 10
67 22 2
67 23 20
67 24 20
67 27 2
67 50 3
67 58 5
67 67 10
67 68 9
67 74 10
67 130 3
67 144 8
67 145 2
67 146 4
67 147 5
67 148 20
67 149 2
67 150 6
67 151 8
67 152 8
67 161 4
67 162 13
67 163 5
67 165 19
67 189 3
68 0 21
68 1 19
68 2 1
68 9 1
68 10 7
68 11 12
68 12 10
68 13 1
68 14 7
68 17 4
68 21 6
68 22 12
68 23 2
68 30 5
68 31 9
68 32 44
68 33 44
68 34 31
68 35 18
68 37 1
68 58 1
68 59 4
68 60 1
68 61 1
68 62 8
68 65 3
68 72 10
68 73 2
68 75 1
68 81 9
68 131 1
68 144 3
68 146 3
68 148 18
68 149 8
68 156 1
68 160 5
68 162 9
68 163 12
68 165 22
68 184 7
68 185 4
68 186 9
68 187 9
69 0 9
69 1 24
69 10 3
69 11 5
69 12 9
69 19 10
69 20 14
69 22 16
69 23 8
69 25 1
69 29 21
69 30 16
69 33 5
69 34 8
69 35 19
69 36 27
69 37 6
69 38 19
69 39 10
69 50 1
69 59 10
69 60 3
69 63 6
69 64 10
69 65 4
69 67 6
69 68 5
69 69 6
69 76 1
69 79 5
69 80 13
69 87 2
69 88 2
69 89 6
69 130 1
69 131 1
69 144 4
69 147 10
69 149 13
69 150 13
69 151 19
69 155 4
69 158 2
69 160 2
69 161 11
69 163 22
69 165 20
69 184 1
69 186 16
69 187 2
70 0 11
70 1 13
70 4 8
70 7 7
70 8 4
70 9 1
70 11 3
70 13 4
70 16 2
70 17 24
70 18 21
70 21 12
70 22 17
70 24 10
70 25 2
70 27 9
70 28 17
70 29 4
70 30 5
70 31 10
70 32 1
70 34 1
70 61 13
70 66 5
70 67 5
70 68 1
70 73 5
70 74 6
70 76 1
70 77 11
70 78 2
70 80 4
70 89 2
70 127 2
70 129 3
70 130 9
70 131 4
70 148 5
70 149 5
70 151 16
70 160 3
70 161 5
70 162 16
70 163 9
70 164 25
70 165 18
70 166 3
70 184 3
70 185 31
70 186 4
71 0 10
71 3 18
71 4 5
71 5 4
71 6 19
71 7 10
71 9 5
71 10 7
71 11 5
71 12 6
71 13 1
71 15 16
71 16 14
71 17 5
71 18 2
71 21 7
71 22 4
71 24 2
71 25 23
71 30 5
71 31 2
71 32 7
71 33 5
71 42 1
71 51 6
71 52 6
71 54 15
71 55 6
71 58 4
71 63 7
71 127 2
71 129 8
71 130 13
71 132 3
71 133 1
71 136 2
71 137 9
71 138 3
71 150 2
71 151 6
71 163 6
71 164 1
71 184 13
71 185 11
72 0 4
72 1 2
72 2 2
72 3 9
72 4 11
72 6 2
72 7 4
72 8 8
72 11 22
72 12 19
72 13 26
72 14 5
72 15 10
72 16 4
72 17 8
72 22 8
72 23 11
72 26 16
72 31 3
72 33 3
72 34 1
72 42 2
72 50 5
72 52 11
72 59 5
72 60 10
72 61 1
72 62 4
72 63 1
72 64 3
72 65 8
72 66 1
72 67 2
72 68 5
72 69 2
72 72 1
72 73 1
72 74 4
72 80 1
72 127 2
72 129 10
72 130 12
72 132 15
72 134 3
72 136 1
72 137 10
72 138 3
72 161 1
72 162 2
72 181 1
72 183 7
72 187 4
73 0 6
73 1 4
73 2 8
73 3 15
73 5 5
73 7 6
73 8 23
73 10 5
73 11 18
73 14 30
73 15 3
73 16 7
73 17 9
73 18 16
73 19 6
73 20 28
73 22 11
73 23 24
73 24 25
73 25 3
73 26 1
73 27 5
73 32 1
73 34 2
73 50 3
73 54 8
73 55 13
73 56 14
73 57 14
73 60 13
73 61 7
73 64 5
73 65 17
73 66 14
73 68 2
73 69 25
73 71 21
73 75 5
73 84 4
73 127 2
73 128 1
73 129 8
73 130 7
73 132 13
73 133 3
73 135 4
73 139 2
73 163 1
73 164 11
73 165 3
73 166 7
73 167 5
73 180 1
73 182 16
73 183 7
73 184 9
74 0 5
74 4 6
74 5 12
74 7 27
74 8 29
74 9 29
74 10 1
74 11 3
74 15 17
74 17 6
74 18 14
74 20 19
74 21 11
74 25 1
74 26 5
74 27 1
74 28 17
74 35 1
74 55 8
74 58 9
74 60 5
74 65 17
74 66 13
74 68 4
74 69 3
74 70 6
74 74 3
74 123 4
74 131 6
74 132 6
74 135 8
74 136 3
74 181 25
75 0 3
75 1 2
75 2 5
75 7 2
75 8 7
75 9 3
75 11 2
75 17 26
75 19 23
75 20 4
75 23 6
75 27 4
75 28 2
75 29 8
75 30 2
75 36 4
75 66 3
75 67 11
75 68 1
75 69 3
75 70 11
75 73 6
75 74 4
75 75 3
75 78 1
75 122 3
75 123 27
75 126 4
75 130 2
75 132 8
75 136 2
75 180 28
75 182 2
76 1 2
76 3 6
76 4 1
76 6 5
76 17 6
76 18 29
76 20 16
76 21 24
76 24 5
76 28 1
76 31 2
76 37 7
76 52 2
76 68 8
76 69 15
76 70 3
76 72 6
76 74 4
76 79 1
76 81 3
76 122 2
76 123 25
76 129 9
76 131 2
76 132 2
76 145 3
76 146 1
76 148 9
76 177 1
76 178 6
76 179 14
76 181 4
77 4 8
77 5 10
77 15 1
77 16 8
77 19 6
77 20 47
77 21 11
77 22 13
77 23 21
77 28 1
77 29 7
77 38 4
77 52 5
77 69 10
77 70 14
77 81 4
77 121 1
77 122 29
77 123 1
77 130 6
77 131 5
77 146 3
77 147 6
77 148 12
77 149 13
77 177 11
77 178 13
77 180 1
77 182 2
77 183 2
78 2 6
78 3 12
78 5 1
78 6 12
78 7 11
78 8 2
78 9 2
78 14 1
78 20 9
78 21 25
78 23 6
78 24 21
78 25 10
78 29 4
78 39 4
78 52 2
78 53 3
78 70 6
78 71 17
78 72 3
78 73 4
78 75 11
78 78 9
78 80 3
78 89 5
78 122 36
78 123 9
78 132 1
78 133 2
78 146 10
78 148 3
78 149 15
78 150 11
78 163 4
78 168 4
78 169 7
78 170 4
78 173 1
78 175 4
78 176 9
78 178 1
79 3 15
79 5 16
79 6 4
79 14 7
79 15 5
79 16 3
79 18 2
79 19 2
79 21 2
79 22 2
79 25 4
79 26 21
79 27 11
79 28 15
79 30 3
79 31 3
79 41 2
79 42 1
79 53 2
79 54 13
79 72 16
79 73 7
79 76 6
79 79 5
79 80 3
79 89 4
79 120 7
79 121 31
79 122 4
79 134 3
79 135 2
79 144 7
79 145 8
79 146 2
79 147 6
79 148 25
79 149 6
79 150 4
79 151 16
79 159 3
79 160 11
79 162 3
79 163 8
79 174 13
79 175 5
79 176 2
80 5 10
80 6 22
80 7 17
80 8 15
80 9 19
80 10 14
80 11 6
80 13 3
80 21 1
80 22 2
80 23 5
80 24 9
80 25 2
80 26 2
80 27 18
80 30 5
80 31 11
80 32 21
80 40 6
80 55 2
80 73 11
80 74 5
80 76 3
80 77 9
80 120 15
80 121 26
80 122 9
80 123 6
80 137 3
80 146 5
80 148 13
80 149 7
80 151 21
80 158 1
80 159 3
80 160 11
80 161 37
80 162 1
80 173 3
81 12 4
81 13 1
81 23 9
81 24 15
81 26 6
81 27 8
81 28 7
81 29 4
81 30 3
81 32 11
81 74 7
81 75 7
81 77 1
81 78 1
81 80 3
81 81 2
81 91 1
81 120 24
81 121 4
81 122 3
81 123 5
81 138 1
81 144 2
81 145 9
81 148 2
81 149 3
81 151 4
81 161 12
81 162 6
81 169 5
81 170 1
81 171 7
82 12 1
82 25 6
82 26 3
82 27 1
82 28 2
82 29 8
82 31 4
82 44 3
82 73 2
82 75 7
82 77 1
82 78 3
82 94 2
82 118 9
82 119 28
82 151 2
82 154 1
82 158 3
82 160 6
82 161 11
82 162 25
82 172 1
83 23 31
83 24 15
83 29 14
83 30 6
83 31 3
83 32 1
83 44 1
83 73 6
83 74 10
83 76 3
83 79 8
83 80 7
83 94 7
83 116 7
83 117 13
83 118 11
83 119 9
83 156 4
83 158 2
83 162 5
83 163 16
83 172 7
84 18 4
84 19 5
84 20 3
84 21 2
84 23 27
84 28 3
84 30 1
84 31 17
84 43 9
84 73 5
84 74 15
84 93 7
84 114 4
84 116 9
84 154 2
84 159 4
84 162 9
84 163 14
84 172 2
84 173 8
84 174 1
85 25 10
85 31 4
85 32 28
85 42 6
85 65 1
85 92 4
85 110 5
85 111 8
85 112 1
85 113 4
85 116 4
85 118 3
85 158 1
85 162 13
85 164 13
85 165 1
85 172 7
85 173 19
85 174 3
85 175 3
86 11 2
86 15 4
86 16 1
86 22 1
86 23 5
86 28 1
86 41 33
86 91 3
86 92 5
86 107 1
86 157 3
86 158 1
86 159 19
86 162 18
86 163 1
86 164 36
86 165 2
86 167 4
86 172 8
86 173 5
86 174 40
86 175 4
87 12 30
87 13 24
87 18 19
87 19 20
87 20 14
87 21 9
87 22 1
87 24 6
87 40 26
87 41 3
87 61 10
87 64 1
87 67 1
87 74 1
87 104 4
87 105 6
87 110 5
87 141 1
87 159 14
87 160 4
87 162 12
87 164 11
87 165 10
87 167 8
87 172 5
87 174 9
87 175 22
87 182 1
88 11 11
88 14 15
88 15 15
88 17 1
88 18 9
88 19 14
88 20 5
88 21 2
88 22 2
88 24 30
88 38 1
88 39 43
88 49 3
88 64 2
88 65 11
88 73 3
88 74 3
88 88 8
88 89 3
88 100 1
88 101 7
88 102 1
88 110 8
88 160 33
88 163 21
88 165 18
88 166 3
88 174 6
88 175 22
88 179 1
88 181 1
89 10 3
89 11 6
89 16 24
89 17 18
89 21 2
89 22 7
89 23 24
89 24 2
89 25 8
89 29 3
89 30 3
89 37 29
89 38 2
89 39 15
89 40 8
89 41 6
89 42 6
89 43 5
89 44 2
89 45 2
89 46 3
89 47 4
89 48 5
89 60 7
89 61 9
89 66 1
89 67 4
89 74 15
89 75 4
89 79 3
89 80 15
89 81 1
89 87 4
89 88 14
89 110 2
89 136 1
89 161 31
89 163 11
89 165 11
89 167 10
89 173 3
89 174 11
89 175 10
89 176 31
89 177 2
89 178 4
89 179 3
90 10 25
90 18 12
90 19 20
90 20 9
90 21 4
90 23 27
90 24 2
90 25 4
90 26 20
90 27 31
90 28 28
90 30 3
90 36 11
90 60 14
90 68 3
90 73 1
90 74 5
90 75 9
90 79 9
90 80 16
90 109 2
90 110 2
90 124 1
90 138 2
90 162 31
90 164 9
90 166 15
90 169 1
90 176 8
90 177 37
90 178 14
91 8 15
91 9 34
91 18 1
91 19 5
91 25 2
91 26 7
91 28 6
91 29 3
91 31 1
91 36 1
91 58 11
91 59 26
91 86 2
91 109 5
91 161 1
91 163 24
91 165 13
91 166 1
91 167 2
91 177 3
91 178 1
92 5 16
92 6 60
92 7 60
92 16 4
92 17 4
92 18 4
92 19 8
92 20 9
92 23 11
92 24 28
92 25 32
92 26 44
92 27 29
92 28 8
92 29 5
92 30 6
92 31 11
92 36 3
92 37 16
92 38 11
92 39 12
92 40 14
92 41 14
92 42 3
92 55 12
92 56 3
92 57 3
92 58 5
92 79 3
92 81 7
92 82 2
92 86 3
92 108 3
92 109 5
92 160 2
92 161 3
92 162 6
92 164 21
92 166 5
92 169 3
92 176 9
92 178 7
93 2 26
93 3 46
93 4 28
93 6 12
93 7 23
93 8 33
93 9 39
93 10 29
93 11 26
93 12 19
93 13 17
93 14 27
93 15 32
93 16 47
93 17 39
93 18 16
93 19 2
93 20 12
93 21 33
93 22 32
93 23 25
93 24 31
93 25 28
93 26 10
93 28 1
93 29 32
93 31 3
93 32 5
93 37 23
93 38 5
93 39 4
93 41 8
93 42 3
93 52 8
93 55 7
93 70 1
93 82 2
93 86 4
93 87 14
93 108 4
93 109 4
93 121 1
93 149 1
93 150 1
93 165 7
93 166 15
93 177 11
93 178 7
93 179 8
93 197 1
94 0 37
94 2 1
94 11 6
94 12 11
94 13 4
94 16 10
94 17 3
94 18 4
94 20 2
94 27 1
94 30 28
94 31 8
94 32 6
94 33 12
94 37 3
94 38 18
94 39 8
94 40 13
94 50 4
94 51 1
94 82 10
94 88 23
94 89 2
94 105 1
94 108 13
94 123 1
94 153 2
94 167 3
94 168 5
94 169 10
94 170 1
94 177 6
94 178 4
95 3 1
95 19 16
95 20 28
95 21 16
95 31 34
95 32 23
95 33 4
95 38 11
95 39 6
95 88 20
95 105 3
95 108 3
95 123 2
95 154 2
95 170 2
95 171 1
95 173 2
95 176 10
95 178 9
95 194 2
96 2 1
96 3 4
96 20 1
96 22 4
96 23 23
96 24 26
96 32 51
96 34 12
96 35 2
96 49 11
96 82 1
96 83 6
96 88 3
96 103 2
96 107 8
96 120 1
96 122 2
96 157 1
96 178 6
96 179 9
96 193 3
96 198 4
97 4 5
97 23 2
97 26 20
97 27 19
97 34 43
97 35 63
97 36 23
97 37 4
97 38 44
97 47 13
97 48 6
97 54 1
97 77 1
97 83 5
97 84 8
97 86 3
97 89 2
97 97 1
97 100 6
97 102 1
97 103 8
97 104 5
97 105 3
97 108 5
97 122 2
97 160 1
97 180 8
97 181 7
97 190 2
97 197 8
97 198 1
98 2 15
98 3 7
98 26 4
98 28 3
98 29 20
98 30 3
98 32 1
98 36 1
98 38 3
98 39 11
98 40 19
98 45 11
98 46 13
98 48 16
98 49 26
98 53 1
98 78 1
98 80 3
98 89 11
98 90 11
98 95 1
98 98 3
98 102 2
98 104 9
98 105 1
98 106 4
98 108 5
98 111 10
98 122 4
98 161 1
98 162 5
98 181 4
98 182 11
98 189 5
98 194 1
98 195 4
99 0 2
99 2 17
99 3 14
99 4 14
99 5 6
99 7 4
99 8 10
99 10 6
99 28 2
99 29 4
99 31 27
99 32 15
99 41 27
99 44 17
99 46 2
99 47 30
99 58 1
99 78 1
99 81 1
99 82 3
99 96 2
99 103 1
99 104 2
99 105 15
99 108 1
99 111 4
99 116 3
99 117 1
99 165 1
99 183 7
99 184 4
99 188 1
99 193 6
99 194 6
100 5 2
100 6 15
100 7 10
100 20 9
100 21 15
100 22 6
100 62 6
100 64 1
100 66 9
100 67 14
100 68 9
100 80 1
100 85 21
100 86 3
100 87 7
100 91 3
100 92 19
100 93 10
100 95 1
100 180 1
100 185 1
100 186 8
100 191 1
101 0 19
101 5 1
101 6 1
101 7 14
101 8 12
101 9 6
101 17 1
101 18 10
101 19 17
101 20 27
101 21 28
101 22 21
101 23 14
101 68 6
101 69 1
101 82 1
101 86 16
101 87 11
101 88 1
101 90 16
101 91 19
101 92 1
101 100 13
101 120 2
101 124 2
101 186 4
101 187 5
101 192 1
102 0 29
102 8 6
102 9 7
102 10 4
102 11 9
102 12 12
102 13 6
102 24 1
102 25 11
102 26 16
102 27 21
102 28 19
102 29 14
102 30 11
102 31 8
102 32 6
102 33 5
102 34 2
102 68 1
102 70 15
102 71 9
102 87 14
102 88 35
102 89 15
102 91 1
102 100 26
102 124 3
102 168 1
102 169 1
102 187 4
102 189 4
103 0 10
103 2 1
103 12 1
103 13 6
103 14 10
103 15 5
103 33 2
103 34 3
103 35 4
103 36 7
103 37 8
103 38 2
103 40 3
103 70 1
103 71 4
103 72 15
103 73 2
103 74 4
103 76 1
103 88 3
103 89 10
103 100 12
103 176 1
104 0 17
104 14 4
104 15 10
104 16 10
104 17 3
104 38 4
104 39 7
104 40 3
104 73 15
104 74 22
104 76 2
104 90 7
104 100 17
104 172 2
104 175 2
104 176 2
105 0 17
105 6 1
105 10 1
105 16 9
105 17 18
105 18 15
105 19 5
105 27 2
105 40 2
105 41 2
105 73 3
105 75 16
105 76 5
105 87 3
105 89 2
105 91 10
105 100 19
105 116 3
105 172 1
105 174 1
105 176 6
105 190 1
106 0 11
106 2 1
106 19 14
106 20 26
106 21 6
106 22 1
106 42 4
106 43 1
106 76 2
106 77 11
106 80 2
106 92 3
106 100 12
106 121 3
106 176 5
106 192 2
107 0 26
107 2 1
107 3 3
107 4 1
107 18 2
107 19 4
107 21 19
107 22 4
107 43 1
107 44 1
107 77 1
107 78 22
107 79 7
107 80 1
107 93 9
107 94 3
107 100 22
107 120 1
107 122 1
107 177 1
107 179 3
108 0 27
108 1 3
108 5 1
108 20 3
108 22 19
108 23 1
108 44 1
108 78 1
108 79 7
108 80 9
108 94 8
108 95 3
108 100 36
108 120 1
108 121 3
108 180 3
109 0 22
109 21 5
109 22 1
109 23 8
109 80 5
109 81 1
109 95 4
109 100 16
109 122 2
110 3 2
110 24 7
110 82 4
110 85 2
110 86 1
110 88 2
110 96 4
110 97 6
110 184 2
110 188 1
110 196 4
111 24 8
111 25 5
111 82 2
111 83 6
111 85 2
111 86 4
111 88 2
111 97 4
111 124 2
111 125 1
111 184 6
111 188 1
112 8 2
112 9 2
112 23 1
112 25 11
112 83 3
112 84 14
112 86 7
112 97 1
112 98 9
112 99 4
112 185 3
113 25 4
113 81 1
113 84 5
113 85 13
113 86 1
113 97 3
113 98 1
113 99 2
114 4 9
114 5 4
114 17 4
114 18 4
114 81 5
114 82 4
114 87 5
115 3 3
115 10 2
115 11 3
115 12 10
115 13 11
115 14 13
115 15 14
115 16 15
115 17 12
115 18 5
115 21 2
115 22 1
115 82 2
115 83 6
115 87 1
116 0 5
116 1 7
116 2 3
116 4 4
116 5 7
116 6 10
116 7 16
116 8 21
116 9 20
116 10 19
116 11 19
116 12 15
116 13 14
116 14 12
116 15 10
116 16 8
116 17 1
116 20 2
116 21 2
116 83 1
116 84 9
116 85 6
117 0 23
117 1 21
117 2 15
117 3 9
117 4 1
117 5 2
117 6 1
117 7 3
117 8 1
117 24 3
117 25 4
117 26 4
117 27 4
117 85 1
117 86 6
117 87 1
118 7 2
118 8 6
118 9 8
118 10 10
118 11 10
118 12 10
118 13 11
118 14 12
118 15 12
118 16 25
118 17 21
118 18 15
118 19 10
118 20 7
118 21 4
118 32 1
118 33 1
118 34 1
118 35 1
118 47 1
118 85 1
119 0 5
119 1 9
119 2 12
119 3 14
119 4 20
119 5 19
119 6 20
119 7 20
119 8 13
119 9 11
119 10 9
119 11 7
119 12 7
119 13 5
119 14 2
119 19 4
119 20 6
119 21 6
119 22 6
119 23 6
119 24 1
119 28 2
119 29 3
119 30 5
119 31 5
119 32 6
119 33 6
119 34 6
119 35 6
119 36 10
119 37 11
119 38 12
119 39 11
119 40 10
119 41 10
119 42 10
119 43 9
119 44 9
119 45 9
119 46 8
119 47 8
119 48 7
119 49 6
119 50 6
119 51 5
119 52 6
119 53 6
119 54 6
119 55 6
119 56 6
119 57 6
119 58 6
119 59 6
119 65 1
119 66 1
119 67 2
119 68 1
119 69 1
119 70 1
119 71 1
119 73 1
119 74 1
119 75 2
119 76 3
119 77 3
119 78 3
119 79 3
119 80 4
119 81 4
119 82 3
119 83 3
119 84 3
119 85 6
119 86 4
120 0 8
120 1 3
120 3 3
120 4 6
120 5 9
120 6 12
120 7 14
120 8 12
120 9 14
120 10 17
120 11 19
120 12 14
120 13 14
120 14 16
120 15 16
120 16 15
120 17 13
120 18 10
120 19 10
120 20 9
120 21 7
120 22 3
120 24 1
120 25 1
120 26 2
120 27 2
120 28 1
120 29 1
120 30 1
120 32 1
120 33 1
120 34 1
120 35 1
120 36 2
120 37 4
120 38 4
120 39 3
120 40 3
120 41 3
120 42 3
120 43 3
120 44 3
120 45 3
120 46 2
120 47 2
120 60 1
120 61 1
120 67 1
120 75 1
120 87 1
120 88 1
121 0 13
121 1 10
121 2 5
121 3 2
121 4 1
121 8 2
121 12 9
121 13 7
121 14 4
121 15 2
121 20 1
121 21 1
121 22 2
121 23 2
125 0 2
125 1 1
125 20 3
125 23 2
126 0 15
126 1 16
126 2 14
126 3 20
126 4 5
126 5 3
126 6 6
126 7 15
126 16 18
126 17 6
126 18 5
126 19 17
126 20 12
126 21 5
126 22 11
126 24 10
126 25 16
126 26 6
126 27 6
126 28 14
126 29 6
126 30 4
126 31 9
126 32 7
126 33 1
126 34 8
126 35 8
126 36 4
126 37 1
126 38 7
126 39 9
126 40 14
126 41 8
126 42 6
126 43 8
126 44 6
126 45 6
126 46 6
126 47 7
126 48 9
126 49 9
126 50 9
126 51 8
126 52 6
126 53 6
126 54 6
126 55 6
126 56 9
126 57 9
126 58 9
126 59 9
126 60 5
126 61 5
126 62 5
126 63 5
126 64 5
126 65 5
126 66 5
126 67 5
126 68 5
126 69 5
126 70 5
126 71 5
126 72 5
126 73 5
126 74 5
126 75 5
126 76 6
126 77 6
126 78 6
126 79 6
126 80 5
126 81 5
126 82 5
126 83 5
126 84 5
126 85 5
126 86 6
126 87 6
126 88 5
126 89 4
126 90 5
126 91 5
126 92 2
126 93 2
126 94 2
126 95 2
126 96 2
126 97 2
126 98 2
126 99 2
126 121 1
127 4 20
127 5 18
127 6 13
127 7 8
127 8 1
127 9 7
127 10 13
127 11 17
127 12 15
127 13 15
127 14 12
127 15 21
127 16 18
127 17 18
127 18 13
127 19 10
127 20 9
127 21 8
127 22 7
127 24 5
127 29 7
127 30 2
127 31 3
127 33 5
127 120 7
127 122 2
127 123 5
127 130 2
128 4 14
128 5 7
128 6 1
128 8 8
128 9 6
128 10 1
128 16 9
128 18 5
128 19 20
128 20 17
128 21 17
128 22 14
128 23 1
128 26 5
128 27 11
128 28 4
128 29 16
128 30 11
128 32 11
128 33 7
128 38 5
128 39 8
128 121 5
128 123 3
128 130 3
128 131 6
129 0 1
129 2 2
129 8 6
129 9 3
129 15 8
129 20 11
129 22 27
129 23 6
129 25 6
129 27 9
129 28 2
129 29 4
129 30 23
129 32 8
129 33 1
129 35 1
129 42 2
129 121 4
129 123 4
129 128 4
129 129 6
129 131 5
130 2 4
130 3 4
130 7 1
130 11 1
130 20 3
130 21 1
130 22 3
130 23 4
130 24 7
130 25 9
130 26 2
130 28 8
130 29 11
130 30 1
130 31 7
130 32 1
130 38 7
130 39 7
130 43 5
130 45 1
130 140 8
130 141 3
130 145 2
130 146 3
130 147 2
131 2 1
131 20 15
131 21 10
131 28 28
131 29 21
131 30 5
131 32 15
131 33 11
131 34 16
131 35 6
131 36 4
131 37 9
131 38 12
131 39 21
131 44 2
131 45 3
131 140 4
131 145 1
131 146 1
132 2 1
132 3 5
132 21 5
132 22 2
132 26 4
132 27 5
132 28 32
132 29 22
132 30 11
132 32 14
132 33 16
132 34 9
132 35 2
132 36 2
132 37 4
132 38 3
132 39 9
132 40 8
132 43 2
132 44 1
132 142 1
133 3 8
133 13 1
133 14 4
133 19 1
133 21 1
133 26 6
133 27 4
133 28 3
133 31 7
133 32 18
133 33 16
133 35 4
133 40 2
133 41 4
133 42 13
133 45 11
133 120 3
133 133 1
133 140 15
133 141 3
133 145 2
133 146 6
133 147 2
134 1 2
134 3 1
134 7 1
134 10 3
134 12 7
134 14 3
134 15 19
134 16 9
134 17 18
134 18 10
134 19 1
134 20 4
134 25 8
134 26 5
134 28 5
134 29 2
134 30 13
134 31 2
134 32 1
134 34 12
134 35 9
134 36 2
134 37 3
134 38 5
134 39 19
134 42 5
134 44 17
134 45 1
134 46 7
134 47 6
134 48 10
134 60 2
134 64 2
134 67 2
134 135 4
134 139 6
134 145 2
135 0 3
135 3 3
135 4 4
135 5 3
135 8 2
135 13 6
135 14 6
135 19 4
135 21 2
135 25 9
135 26 8
135 27 1
135 28 25
135 29 6
135 30 1
135 31 3
135 33 3
135 35 2
135 36 12
135 37 10
135 38 1
135 39 5
135 43 9
135 44 11
135 46 3
135 47 8
135 48 8
135 49 8
135 64 2
135 65 1
135 66 1
135 67 2
135 139 1
136 2 2
136 3 1
136 4 8
136 5 1
136 8 2
136 9 2
136 13 3
136 14 7
136 16 17
136 17 15
136 18 2
136 22 9
136 23 16
136 24 26
136 27 11
136 28 13
136 29 29
136 30 30
136 31 25
136 32 3
136 36 7
136 37 17
136 42 2
136 44 19
136 45 11
136 46 1
136 48 18
136 61 2
136 62 4
136 63 2
136 64 2
136 67 1
136 68 2
136 69 1
136 70 3
136 71 7
136 75 1
136 146 3
136 147 3
137 0 1
137 1 8
137 2 12
137 3 11
137 4 13
137 5 3
137 11 1
137 13 3
137 14 4
137 16 11
137 17 10
137 19 20
137 20 2
137 21 11
137 23 3
137 24 22
137 25 18
137 27 10
137 28 2
137 29 12
137 30 13
137 32 3
137 33 1
137 34 3
137 37 27
137 43 7
137 44 17
137 45 5
137 46 11
137 48 10
137 49 2
137 50 2
137 62 10
137 63 29
137 64 17
137 65 17
137 66 17
137 67 17
137 68 32
137 69 30
137 70 28
137 71 26
137 72 3
137 74 2
137 75 5
137 118 1
137 136 6
137 138 4
137 145 4
137 146 1
138 1 21
138 3 8
138 4 6
138 5 1
138 9 6
138 10 8
138 15 2
138 16 13
138 19 8
138 20 14
138 21 15
138 22 9
138 23 8
138 25 7
138 30 11
138 31 8
138 32 1
138 33 11
138 34 6
138 35 4
138 37 29
138 38 25
138 41 8
138 43 6
138 44 11
138 45 14
138 46 3
138 48 14
138 51 20
138 53 2
138 54 11
138 55 4
138 58 1
138 59 16
138 60 35
138 61 6
138 66 1
138 67 1
138 68 2
138 69 4
138 70 5
138 71 6
138 72 7
138 74 7
138 75 23
138 76 32
138 78 9
138 100 4
138 102 3
138 116 2
138 121 2
138 124 1
138 128 4
138 129 6
138 130 3
138 136 4
138 137 2
138 138 3
138 139 1
138 144 1
138 145 1
138 151 5
138 155 3
138 159 1
138 160 2
138 176 2
138 177 4
139 1 24
139 2 13
139 4 6
139 5 5
139 9 9
139 10 9
139 16 5
139 19 7
139 20 3
139 21 15
139 22 9
139 24 9
139 26 2
139 27 2
139 28 10
139 30 6
139 31 2
139 32 6
139 33 2
139 34 1
139 36 42
139 37 12
139 39 4
139 40 15
139 41 1
139 43 4
139 47 6
139 48 10
139 49 11
139 50 14
139 51 38
139 54 12
139 55 9
139 56 19
139 57 33
139 58 39
139 59 21
139 70 2
139 71 5
139 72 2
139 73 12
139 74 22
139 75 27
139 76 18
139 78 11
139 79 2
139 100 3
139 102 2
139 120 8
139 122 1
139 128 7
139 136 1
139 137 2
139 148 1
139 150 1
139 152 1
139 153 2
139 155 8
139 177 1
140 1 15
140 2 18
140 3 6
140 4 2
140 9 5
140 10 7
140 12 12
140 13 6
140 14 1
140 17 5
140 21 15
140 23 7
140 24 1
140 26 16
140 28 18
140 32 7
140 36 2
140 37 22
140 38 10
140 39 11
140 40 1
140 42 9
140 45 1
140 46 5
140 49 9
140 50 2
140 52 10
140 54 29
140 55 6
140 58 5
140 59 10
140 60 6
140 61 2
140 62 9
140 63 15
140 64 4
140 72 4
140 77 5
140 78 10
140 79 4
140 103 3
140 120 8
140 122 4
140 123 2
140 124 2
140 127 4
140 130 1
140 131 2
140 138 3
140 139 1
140 153 4
140 155 2
141 1 10
141 2 21
141 3 4
141 4 3
141 8 4
141 9 15
141 10 11
141 12 13
141 13 10
141 14 1
141 16 9
141 17 7
141 18 3
141 19 6
141 21 12
141 22 16
141 24 1
141 25 1
141 26 18
141 27 1
141 28 9
141 29 1
141 30 7
141 32 20
141 33 22
141 34 31
141 36 13
141 37 4
141 39 8
141 40 3
141 43 14
141 44 15
141 45 8
141 46 7
141 47 5
141 49 18
141 50 25
141 51 31
141 52 14
141 54 23
141 55 26
141 56 39
141 57 13
141 58 7
141 59 1
141 60 7
141 62 2
141 63 6
141 72 7
141 73 6
141 74 2
141 77 1
141 101 1
141 103 5
141 116 1
141 124 3
141 127 3
141 130 4
141 131 7
141 132 5
141 133 6
141 134 2
141 135 1
141 147 1
141 148 4
141 150 9
141 151 3
141 153 3
141 156 1
142 1 6
142 2 25
142 3 4
142 4 1
142 5 8
142 7 8
142 8 1
142 9 13
142 10 5
142 13 1
142 14 2
142 15 4
142 21 3
142 23 13
142 24 4
142 25 9
142 27 15
142 28 7
142 29 9
142 30 2
142 31 3
142 32 28
142 33 15
142 34 10
142 35 30
142 36 5
142 43 2
142 44 13
142 45 15
142 46 9
142 47 10
142 48 2
142 50 11
142 51 5
142 53 1
142 54 1
142 60 15
142 64 6
142 66 4
142 101 2
142 103 7
142 107 5
142 110 2
142 120 9
142 121 5
142 122 1
142 123 8
142 134 5
143 0 1
143 2 16
143 6 9
143 7 2
143 8 4
143 9 9
143 11 2
143 12 10
143 13 11
143 17 3
143 18 5
143 21 3
143 23 18
143 24 3
143 25 15
143 26 2
143 28 9
143 29 20
143 30 9
143 32 23
143 34 9
143 35 23
143 36 4
143 39 1
143 42 3
143 44 5
143 46 3
143 49 3
143 51 10
143 60 8
143 62 9
143 101 1
143 103 3
143 120 7
143 121 6
143 122 1
143 123 11
143 133 2
144 0 2
144 2 16
144 3 4
144 4 12
144 5 2
144 7 7
144 9 9
144 10 7
144 12 2
144 14 8
144 15 15
144 16 14
144 19 2
144 23 14
144 26 7
144 27 13
144 28 9
144 29 16
144 30 28
144 31 25
144 35 2
144 38 1
144 50 2
144 52 1
144 55 3
144 60 4
144 61 4
144 62 6
144 66 2
144 67 1
144 84 6
144 85 2
144 87 2
144 101 1
144 106 2
144 120 5
144 121 6
144 122 3
144 123 10
144 125 1
145 0 1
145 1 10
145 2 9
145 4 26
145 6 8
145 9 1
145 10 13
145 11 12
145 15 2
145 16 1
145 17 9
145 18 4
145 19 12
145 20 18
145 24 9
145 26 27
145 27 22
145 28 13
145 29 6
145 30 11
145 32 2
145 33 4
145 36 12
145 44 5
145 46 5
145 48 1
145 49 3
145 52 8
145 53 6
145 54 2
145 63 1
145 64 2
145 84 1
145 87 2
145 100 1
145 103 1
145 105 3
145 118 1
145 120 12
145 121 1
145 122 5
145 123 7
145 126 3
145 127 3
145 129 1
146 0 2
146 1 1
146 2 4
146 3 3
146 4 6
146 5 7
146 6 9
146 7 9
146 8 2
146 9 8
146 10 11
146 11 10
146 12 26
146 15 10
146 16 36
146 17 24
146 19 32
146 20 6
146 21 19
146 22 16
146 23 22
146 28 26
146 29 13
146 30 1
146 31 12
146 33 8
146 36 20
146 37 3
146 39 5
146 42 6
146 43 2
146 46 13
146 47 13
146 49 21
146 50 14
146 51 14
146 52 15
146 53 8
146 54 3
146 55 2
146 69 4
146 113 1
146 118 5
146 119 2
146 120 6
146 121 5
146 123 9
146 129 9
146 130 16
146 131 9
146 140 3
146 141 4
146 148 1
146 150 3
146 151 2
147 0 7
147 1 4
147 8 7
147 10 7
147 11 13
147 12 18
147 13 13
147 15 7
147 16 3
147 17 17
147 18 2
147 19 25
147 20 13
147 21 6
147 22 5
147 28 1
147 29 36
147 30 4
147 31 11
147 32 18
147 33 9
147 34 7
147 35 11
147 36 6
147 37 9
147 39 18
147 40 4
147 41 17
147 42 8
147 43 10
147 44 9
147 45 10
147 46 2
147 49 1
147 50 3
147 51 32
147 52 10
147 53 8
147 109 1
147 111 4
147 113 2
147 118 3
147 119 3
147 120 2
147 128 1
147 129 3
147 130 20
147 131 13
147 134 1
147 138 1
147 140 2
147 150 2
147 154 1
148 1 2
148 9 17
148 10 19
148 12 10
148 14 13
148 15 7
148 16 10
148 17 2
148 18 40
148 19 24
148 20 17
148 21 13
148 23 14
148 30 16
148 31 16
148 32 12
148 33 7
148 34 18
148 36 2
148 37 3
148 38 13
148 39 18
148 40 10
148 41 10
148 42 20
148 43 4
148 48 9
148 49 11
148 50 17
148 51 24
148 52 7
148 53 5
148 54 4
148 56 2
148 57 3
148 113 10
148 114 3
148 116 4
148 117 5
148 119 19
148 120 9
148 123 6
148 128 2
148 129 1
148 130 11
148 131 10
148 133 4
148 141 5
149 3 1
149 9 10
149 14 2
149 15 16
149 16 38
149 17 61
149 19 10
149 21 5
149 22 3
149 23 8
149 29 4
149 31 1
149 32 24
149 33 17
149 34 2
149 36 43
149 37 35
149 39 23
149 40 31
149 41 13
149 42 6
149 43 6
149 44 1
149 47 2
149 48 11
149 49 9
149 51 1
149 56 5
149 57 6
149 108 1
149 116 8
149 117 4
149 118 7
149 119 6
149 128 10
149 129 6
149 130 3
149 131 6
149 132 10
149 134 2
149 137 2
149 138 5
149 141 8
150 14 1
150 15 5
150 16 6
150 17 5
150 18 5
150 19 4
150 20 3
150 21 3
150 22 3
150 23 3
150 32 6
150 33 4
150 34 18
150 35 15
150 36 1
150 37 9
150 38 13
150 39 2
150 40 3
150 42 3
150 47 19
150 48 3
150 49 5
150 52 1
150 54 5
150 55 13
150 56 2
150 58 2
150 73 1
150 74 2
150 133 3
150 135 6
150 136 2
150 138 3
150 139 3
150 147 1
151 4 1
151 5 1
151 32 1
151 34 10
151 35 34
151 36 6
151 37 2
151 39 11
151 40 21
151 41 5
151 44 1
151 47 1
151 49 13
151 50 4
151 52 3
151 55 4
151 57 1
151 58 2
151 60 9
151 73 1
151 75 1
151 134 2
151 136 4
151 148 2
152 5 1
152 6 2
152 34 3
152 36 20
152 37 1
152 38 27
152 39 13
152 42 30
152 44 4
152 48 6
152 49 8
152 50 11
152 53 2
152 55 2
152 63 1
152 74 6
152 137 8
152 140 2
152 141 4
152 143 9
152 149 1
152 151 1
153 12 6
153 13 2
153 36 1
153 37 31
153 38 42
153 40 11
153 41 25
153 42 19
153 43 27
153 44 15
153 47 1
153 48 3
153 50 9
153 57 4
153 61 2
153 62 9
153 75 4
153 136 1
153 137 2
153 139 7
153 140 8
153 141 7
153 143 17
153 144 1
154 36 2
154 37 2
154 39 13
154 40 13
154 43 27
154 44 2
154 45 11
154 46 18
154 48 9
154 50 11
154 51 1
154 52 2
154 53 2
154 56 12
154 58 9
154 59 6
154 104 2
154 105 3
154 106 1
154 140 1
154 143 3
154 145 3
154 146 1
154 149 1
154 151 1
154 160 4
154 161 6
154 162 5
154 163 2
155 4 4
155 5 7
155 7 1
155 8 1
155 9 3
155 10 4
155 11 4
155 32 1
155 34 3
155 35 7
155 38 6
155 39 1
155 40 16
155 41 32
155 44 13
155 46 7
155 47 11
155 48 12
155 50 9
155 56 6
155 59 6
155 62 1
155 77 3
155 105 2
155 106 2
155 140 3
155 142 1
155 144 1
156 4 4
156 6 6
156 7 2
156 11 1
156 12 4
156 13 5
156 14 2
156 28 1
156 29 2
156 30 4
156 31 5
156 32 7
156 33 5
156 41 1
156 42 26
156 43 16
156 47 10
156 48 9
156 49 17
156 50 4
156 51 3
156 53 1
156 54 10
156 55 11
156 58 5
156 59 25
156 77 3
156 78 1
156 104 1
156 105 3
156 141 1
156 142 2
156 143 4
157 5 6
157 7 8
157 13 2
157 14 4
157 15 2
157 35 1
157 37 3
157 38 4
157 39 6
157 40 15
157 41 3
157 42 10
157 44 15
157 45 7
157 46 7
157 48 3
157 50 9
157 51 1
157 53 4
157 54 10
157 55 17
157 56 2
157 57 17
157 58 1
157 59 28
157 60 2
157 64 1
157 78 4
157 105 1
157 106 6
157 107 1
157 143 1
157 144 5
157 156 1
157 158 5
158 6 1
158 7 8
158 9 13
158 10 9
158 17 5
158 18 10
158 19 9
158 23 4
158 45 17
158 49 3
158 50 7
158 52 29
158 54 33
158 56 14
158 57 9
158 58 1
158 59 4
158 64 4
158 144 3
158 151 3
158 154 9
158 155 22
159 7 4
159 8 14
159 9 2
159 11 10
159 12 13
159 13 11
159 14 6
159 15 2
159 16 4
159 17 9
159 18 13
159 19 11
159 20 4
159 23 3
159 27 1
159 44 4
159 46 5
159 49 8
159 51 9
159 52 2
159 53 11
159 54 20
159 55 8
159 60 10
159 61 1
159 63 1
159 64 6
159 65 4
159 79 3
159 148 1
159 151 1
159 154 12
159 155 14
160 9 8
160 10 10
160 11 8
160 12 12
160 13 5
160 19 6
160 20 6
160 21 5
160 22 1
160 45 2
160 46 5
160 47 15
160 49 4
160 50 2
160 52 4
160 54 12
160 55 11
160 56 3
160 60 12
160 61 3
160 62 15
160 64 3
160 65 7
160 67 1
160 80 2
160 152 3
160 153 4
160 154 8
160 155 8
160 161 2
161 15 4
161 16 9
161 17 11
161 18 7
161 22 1
161 23 1
161 26 1
161 44 3
161 46 6
161 48 12
161 49 2
161 50 8
161 54 10
161 55 9
161 56 9
161 60 7
161 61 12
161 63 3
161 64 1
161 65 8
161 67 1
161 148 4
161 151 1
161 152 10
161 153 8
161 154 3
161 155 4
161 160 3
161 162 1
162 46 2
162 47 7
162 49 10
162 51 1
162 52 1
162 55 7
162 56 2
162 57 11
162 59 5
162 61 2
162 63 10
162 64 4
162 65 1
162 149 1
162 150 7
162 151 2
162 156 3
162 162 2
163 47 1
163 49 5
163 50 5
163 56 8
163 58 5
163 62 3
163 63 1
163 64 1
163 65 1
163 161 1
164 51 5
164 54 1
164 55 1
164 56 2
164 57 7
164 59 11
164 60 7
164 89 3
164 156 3
164 159 2
165 47 7
165 51 4
165 53 1
165 56 3
165 58 9
165 59 1
165 60 16
165 61 9
165 62 13
165 63 8
165 150 2
165 151 6
165 159 2
166 46 13
166 47 7
166 49 1
166 50 6
166 52 1
166 53 2
166 55 3
166 59 12
166 60 3
166 61 20
166 62 1
166 63 6
166 88 6
166 160 11
166 161 5
167 44 2
167 47 23
167 48 16
167 50 5
167 52 6
167 55 2
167 59 4
167 63 11
167 87 8
167 148 2
167 160 8
167 161 9
167 162 10
167 163 2
168 44 2
168 45 7
168 46 2
168 47 15
168 48 29
168 51 1
168 60 4
168 62 12
168 63 4
168 86 3
168 87 5
168 146 1
168 148 3
168 150 1
168 160 6
168 161 7
168 162 11
168 163 13
169 44 2
169 45 1
169 46 7
169 47 7
169 48 9
169 49 9
169 51 5
169 61 7
169 62 1
169 63 15
169 86 8
169 151 1
169 161 3
169 162 3
169 163 8
169 187 1
170 32 2
170 36 4
170 37 3
170 51 1
170 62 4
170 64 9
170 65 10
170 82 5
170 85 10
170 163 2
170 183 1
170 184 2
171 36 8
171 37 1
171 47 1
171 50 8
171 63 2
171 64 5
171 65 10
171 82 1
171 83 5
171 84 1
172 32 1
172 33 4
172 34 6
172 36 3
172 82 4
172 83 26
172 84 26
172 183 7
172 184 3
173 31 1
173 34 1
173 35 1
173 36 1
173 44 1
173 45 4
173 46 4
173 47 2
173 56 2
173 82 29
173 83 3
173 84 8
173 85 3
173 180 1
173 181 2
173 183 6
174 24 18
174 25 18
174 26 9
174 35 2
174 40 7
174 41 9
174 42 13
174 43 15
174 44 11
174 45 8
174 46 6
174 47 12
174 50 3
174 51 1
174 81 17
174 82 1
174 180 4
175 23 8
175 25 1
175 26 9
175 27 17
175 28 1
175 32 1
175 36 10
175 37 8
175 38 8
175 39 7
175 42 1
175 43 4
175 44 4
175 45 9
175 46 18
175 47 17
175 51 1
175 78 2
175 80 18
175 181 1
176 22 1
176 23 8
176 28 14
176 29 14
176 30 1
176 31 3
176 33 4
176 34 2
176 35 3
176 36 9
176 37 14
176 38 12
176 39 13
176 40 9
176 41 5
176 47 8
176 48 27
176 78 4
176 79 34
176 80 6
176 81 4
176 122 2
176 148 1
176 178 1
176 180 4
177 28 1
177 29 1
177 30 17
177 31 4
177 36 1
177 43 2
177 44 3
177 48 2
177 49 15
177 50 1
177 51 2
177 77 16
177 78 30
177 80 3
177 81 2
177 99 1
177 150 1
177 177 4
177 179 5
178 22 7
178 32 13
178 33 16
178 34 6
178 45 1
178 46 3
178 49 7
178 50 7
178 60 2
178 61 4
178 62 1
178 73 2
178 75 28
178 76 21
178 77 7
178 78 7
178 79 1
178 120 2
178 121 3
178 160 2
178 162 1
178 163 1
178 175 3
178 176 4
179 21 18
179 22 4
179 33 2
179 34 10
179 35 14
179 44 4
179 45 3
179 46 2
179 47 24
179 48 11
179 57 1
179 58 4
179 59 14
179 60 15
179 73 4
179 74 12
179 76 16
179 77 5
179 79 6
179 80 3
179 81 2
179 82 2
179 83 1
179 84 2
179 85 1
179 86 1
179 95 1
179 96 1
179 121 1
179 122 5
179 123 1
179 146 2
179 161 4
179 172 1
179 175 3
180 20 11
180 21 14
180 36 14
180 37 9
180 38 2
180 44 1
180 46 26
180 47 27
180 48 17
180 51 5
180 54 2
180 55 5
180 56 13
180 57 13
180 58 12
180 59 3
180 61 15
180 72 2
180 73 20
180 75 1
180 78 2
180 120 4
180 121 4
180 145 2
180 148 3
180 172 3
180 174 2
181 20 19
181 36 2
181 37 2
181 38 12
181 39 11
181 40 7
181 41 6
181 42 4
181 43 4
181 44 4
181 49 2
181 51 4
181 52 12
181 53 13
181 54 15
181 55 16
181 56 9
181 57 4
181 59 7
181 60 5
181 61 3
181 72 4
181 73 6
181 76 5
181 79 4
181 121 2
181 122 2
181 123 2
181 160 2
181 161 6
181 162 2
181 172 2
182 11 4
182 12 1
182 15 2
182 17 17
182 18 18
182 19 16
182 20 10
182 21 8
182 22 8
182 23 8
182 24 12
182 25 12
182 26 12
182 27 12
182 28 3
182 29 3
182 30 3
182 31 3
182 42 3
182 43 8
182 49 2
182 50 3
182 52 15
182 53 15
182 54 12
182 55 7
182 56 6
182 57 5
182 59 2
182 60 1
182 62 2
182 116 5
182 118 9
182 119 6
183 11 2
183 13 1
183 14 2
183 16 12
183 17 51
183 18 18
183 20 1
183 21 2
183 22 3
183 23 3
183 40 4
183 41 2
183 44 5
183 45 4
183 46 2
183 47 1
183 48 4
183 49 8
183 50 10
183 51 4
183 55 4
183 58 1
183 60 1
183 72 2
183 116 9
183 118 5
183 162 1
184 8 1
184 11 1
184 12 2
184 13 7
184 14 33
184 15 50
184 16 18
184 24 8
184 25 8
184 26 9
184 27 7
184 28 5
184 29 4
184 30 5
184 31 6
184 39 1
184 44 10
184 45 10
184 46 11
184 47 12
184 49 2
184 50 3
184 51 5
184 52 5
184 53 9
184 54 17
184 55 19
184 56 17
184 57 8
184 58 3
184 60 5
184 61 4
184 63 19
184 74 6
184 75 1
184 84 1
184 113 1
184 114 1
184 116 4
185 11 33
185 12 61
185 13 44
185 14 11
185 15 8
185 18 2
185 19 2
185 28 9
185 29 10
185 30 9
185 31 8
185 39 1
185 40 2
185 41 8
185 42 15
185 43 20
185 44 27
185 45 30
185 46 34
185 47 37
185 48 38
185 49 40
185 50 41
185 51 41
185 52 19
185 53 12
185 54 2
185 59 8
185 73 3
185 74 1
185 75 8
185 76 3
185 77 3
185 78 3
185 79 3
185 80 7
185 81 7
185 82 7
185 83 7
185 110 2
185 111 2
185 113 2
185 114 3
185 119 2
186 0 4
186 4 1
186 5 12
186 7 34
186 8 46
186 9 26
186 11 25
186 12 20
186 13 22
186 14 26
186 15 29
186 16 32
186 17 19
186 19 2
186 22 1
186 23 5
186 25 2
186 26 3
186 27 2
186 28 2
186 33 4
186 34 20
186 35 29
186 36 50
186 37 42
186 38 30
186 39 19
186 40 8
186 43 4
186 44 15
186 45 17
186 46 20
186 47 23
186 48 22
186 49 23
186 50 23
186 51 21
186 52 27
186 53 20
186 54 13
186 55 7
186 57 9
186 58 23
186 59 9
186 62 5
186 64 2
186 73 4
186 74 22
186 75 2
186 77 3
186 79 4
186 80 3
186 106 4
186 107 2
186 109 2
186 110 4
186 157 1
186 160 3
186 161 1
186 173 3
186 174 3
187 1 1
187 3 12
187 4 24
187 5 39
187 6 25
187 8 7
187 10 2
187 11 4
187 12 2
187 13 1
187 16 10
187 17 2
187 19 6
187 20 12
187 21 16
187 22 21
187 23 25
187 24 25
187 25 24
187 26 24
187 27 25
187 28 23
187 29 23
187 30 22
187 31 20
187 32 17
187 33 9
187 34 1
187 37 3
187 38 7
187 39 11
187 40 22
187 41 23
187 42 22
187 43 19
187 44 7
187 45 2
187 52 7
187 53 5
187 54 1
187 57 1
187 59 18
187 63 5
187 64 3
187 65 2
187 74 4
187 75 17
187 81 4
187 82 9
187 83 9
187 106 3
187 107 1
187 159 2
187 160 2
187 161 1
187 162 2
187 164 2
187 172 7
187 173 9
187 174 16
187 175 14
188 0 27
188 1 37
188 2 27
188 3 4
188 5 1
188 17 1
188 18 2
188 19 4
188 22 5
188 23 9
188 24 7
188 25 2
188 27 2
188 33 3
188 34 11
188 35 20
188 36 34
188 37 32
188 38 20
188 39 9
188 43 2
188 45 1
188 46 5
188 47 8
188 52 1
188 57 2
188 60 28
188 62 5
188 65 12
188 66 1
188 74 3
188 75 16
188 76 7
188 80 3
188 81 2
188 160 1
188 161 1
188 172 10
188 173 9
188 174 7
188 175 15
189 1 10
189 2 6
189 3 3
189 5 6
189 6 8
189 10 2
189 11 3
189 16 14
189 17 8
189 28 1
189 32 3
189 34 13
189 35 23
189 36 22
189 37 8
189 39 7
189 43 5
189 46 1
189 47 4
189 57 6
189 61 22
189 63 8
189 65 2
189 67 8
189 74 7
189 75 2
189 76 22
189 78 2
189 79 6
189 80 5
189 81 3
189 160 14
189 161 4
189 163 2
189 172 9
189 173 3
189 176 2
190 38 9
190 39 16
190 40 18
190 41 10
190 43 8
190 44 8
190 46 5
190 60 3
190 62 27
190 64 10
190 66 2
190 67 2
190 77 16
190 161 1
190 163 8
190 177 1
191 41 8
191 42 19
191 43 23
191 44 13
191 46 5
191 61 4
191 63 27
191 64 8
191 65 17
191 77 6
191 78 2
191 162 5
191 176 1
191 177 2
192 39 3
192 40 2
192 43 1
192 45 15
192 46 20
192 47 11
192 60 2
192 64 41
192 65 4
192 66 29
192 76 1
192 77 3
192 99 1
192 164 6
192 165 7
192 167 3
193 39 2
193 42 2
193 43 7
193 45 1
193 47 5
193 48 19
193 49 12
193 50 3
193 60 1
193 64 4
193 65 60
193 66 38
193 67 17
193 68 8
193 99 2
193 160 1
193 164 13
193 165 6
193 166 13
193 167 3
194 6 3
194 8 1
194 49 1
194 51 1
194 52 16
194 53 16
194 54 3
194 55 3
194 56 1
194 58 1
194 64 1
194 65 1
194 67 8
194 68 52
194 69 43
194 70 14
194 71 4
194 72 2
194 77 6
194 95 5
194 96 4
194 170 3
194 176 1
195 5 1
195 6 12
195 7 6
195 8 4
195 48 4
195 49 2
195 52 2
195 54 12
195 55 21
195 56 7
195 59 2
195 63 1
195 64 1
195 68 13
195 69 1
195 70 30
195 71 47
195 72 48
195 73 45
195 74 38
195 75 35
195 76 41
195 77 28
195 78 10
195 79 1
195 94 4
195 95 4
195 169 3
195 170 1
196 4 14
196 5 20
196 6 22
196 7 20
196 15 1
196 48 1
196 50 2
196 51 5
196 52 6
196 56 6
196 57 16
196 58 8
196 59 1
196 63 2
196 64 2
196 69 1
196 70 5
196 71 5
196 72 13
196 75 1
196 77 4
196 78 9
196 79 20
196 81 1
196 91 2
196 92 5
196 93 4
196 98 13
196 99 19
196 178 1
197 0 1
197 6 9
197 12 2
197 13 2
197 14 1
197 54 1
197 57 1
197 58 1
197 59 21
197 60 10
197 62 2
197 68 4
197 69 2
197 72 1
197 74 2
197 75 4
197 78 4
197 80 26
197 81 7
197 91 6
197 92 5
197 96 8
197 97 12
197 98 8
198 4 11
198 5 2
198 6 7
198 7 8
198 13 1
198 14 4
198 15 8
198 16 7
198 20 3
198 21 4
198 23 1
198 56 1
198 57 4
198 59 3
198 60 1
198 61 10
198 62 20
198 63 10
198 80 1
198 81 2
198 82 18
198 84 3
198 85 1
198 88 2
198 89 16
198 90 2
198 94 4
198 95 19
198 181 1
198 183 1
198 194 1
199 5 9
199 8 8
199 9 11
199 10 7
199 58 3
199 59 8
199 60 1
199 61 3
199 63 10
199 64 18
199 65 11
199 81 2
199 83 20
199 84 14
199 85 3
199 87 11
199 88 7
199 93 20
199 94 16
199 184 4
