3
0 13 26
0 18 2
0 21 10
0 22 5
0 23 7
0 25 24
0 26 32
0 28 5
0 29 3
0 41 18
0 42 12
0 45 30
0 47 7
0 51 32
1 13 31
1 14 5
1 15 2
1 16 6
1 19 2
1 20 5
1 22 2
1 23 7
1 24 3
1 25 38
1 26 37
1 28 1
1 29 10
1 35 2
1 36 2
1 42 8
1 43 20
1 45 4
1 46 5
1 51 70
1 53 58
1 55 4
1 56 5
1 57 7
1 58 6
1 71 1
1 77 1
1 83 36
1 84 4
1 85 1
1 90 2
1 95 10
2 13 22
2 14 12
2 22 10
2 24 3
2 25 26
2 26 35
2 27 1
2 32 3
2 38 2
2 39 1
2 40 5
2 43 2
2 44 10
2 46 2
2 50 2
2 51 86
2 53 41
2 54 2
2 57 4
2 58 15
2 71 4
2 84 12
2 85 28
2 86 30
2 87 2
2 91 35
2 92 2
2 93 9
3 13 27
3 15 2
3 16 32
3 23 5
3 25 10
3 26 36
3 29 2
3 30 2
3 32 11
3 41 4
3 42 6
3 46 2
3 47 11
3 49 6
3 50 9
3 51 62
3 53 10
3 57 3
3 58 14
3 65 2
3 73 2
3 74 2
3 75 1
3 84 4
3 85 14
3 86 3
3 88 7
3 92 32
4 13 30
4 15 2
4 24 1
4 25 34
4 26 34
4 28 18
4 29 1
4 31 5
4 43 4
4 44 8
4 48 31
4 49 12
4 51 56
4 53 38
4 56 1
4 57 3
4 58 3
4 64 5
4 65 7
4 76 1
4 77 3
4 85 10
4 86 11
4 88 6
4 91 3
4 92 26
4 102 2
5 13 19
5 25 22
5 26 30
5 31 2
5 36 1
5 37 2
5 45 10
5 46 3
5 49 13
5 51 57
5 53 37
5 55 3
5 56 7
5 57 25
5 64 1
5 65 6
5 80 5
5 87 3
5 88 11
5 89 4
5 90 1
5 91 4
5 100 2
5 101 5
6 13 10
6 15 1
6 25 24
6 26 11
6 27 2
6 32 23
6 46 4
6 47 13
6 50 14
6 51 59
6 53 37
6 55 31
6 57 10
6 64 1
6 82 3
6 83 5
6 93 15
6 99 6
6 100 2
6 102 13
7 13 16
7 17 16
7 18 2
7 19 1
7 25 27
7 26 22
7 27 3
7 28 5
7 30 1
7 32 8
7 33 1
7 38 5
7 51 52
7 53 35
7 56 10
7 59 12
7 61 14
7 84 1
7 85 8
7 94 9
7 95 15
7 97 5
7 98 3
7 100 15
7 101 5
8 13 7
8 17 7
8 20 12
8 25 27
8 26 76
8 31 11
8 32 3
8 35 1
8 48 6
8 51 71
8 53 9
8 54 1
8 56 14
8 57 8
8 62 4
8 63 8
8 64 7
8 87 8
8 96 42
8 98 11
8 99 10
9 13 27
9 16 2
9 18 3
9 20 6
9 21 18
9 24 14
9 25 27
9 26 69
9 51 75
9 53 5
9 55 2
9 58 2
9 60 6
9 88 2
9 89 13
9 97 13
10 13 30
10 19 12
10 20 3
10 21 25
10 22 1
10 24 4
10 25 27
10 26 55
10 32 3
10 51 58
10 53 19
10 55 6
10 56 2
10 61 6
10 62 7
10 73 3
10 90 12
10 91 7
10 98 5
10 99 4
11 13 32
11 16 2
11 17 4
11 19 15
11 20 2
11 23 13
11 25 25
11 26 28
11 32 1
11 51 50
11 53 62
11 54 6
11 56 1
11 63 3
11 64 7
11 75 3
11 92 17
11 99 5
11 100 2
12 13 33
12 15 15
12 19 7
12 21 1
12 22 9
12 25 25
12 26 38
12 31 9
12 34 1
12 35 2
12 37 1
12 38 1
12 51 52
12 53 32
12 54 3
12 56 2
12 63 3
12 64 19
12 65 7
12 75 2
12 80 1
12 93 13
12 100 5
12 101 2
13 1 18
13 2 37
13 3 41
13 4 36
13 7 7
13 8 23
13 9 52
13 10 40
13 11 31
13 12 23
13 14 5
13 16 2
13 17 3
13 20 2
13 22 4
13 25 4
13 26 41
13 31 3
13 34 6
13 36 5
13 37 6
13 38 7
13 41 5
13 51 59
13 53 23
13 62 2
13 63 2
13 64 8
13 65 32
13 76 12
13 94 10
13 96 1
13 101 5
14 1 24
14 6 12
14 7 31
14 9 61
14 10 22
14 11 6
14 14 17
14 15 3
14 19 4
14 21 15
14 22 3
14 23 12
14 24 3
14 25 6
14 26 35
14 28 4
14 31 1
14 33 3
14 34 1
14 35 12
14 37 3
14 39 9
14 41 1
14 51 61
14 53 45
14 54 1
14 58 1
14 65 12
14 66 23
14 95 13
14 96 2
14 102 12
15 1 13
15 2 27
15 3 15
15 4 17
15 5 4
15 9 28
15 11 26
15 14 11
15 15 6
15 18 3
15 26 36
15 28 4
15 30 7
15 31 2
15 32 10
15 33 12
15 35 5
15 36 12
15 40 3
15 51 62
15 56 13
15 62 12
15 64 7
15 94 6
16 1 12
16 3 22
16 4 25
16 5 18
16 6 4
16 7 6
16 8 7
16 9 9
16 10 5
16 11 18
16 13 2
16 15 5
16 16 5
16 23 13
16 25 3
16 26 39
16 29 6
16 34 4
16 40 1
16 51 62
16 55 1
16 62 4
16 63 13
16 95 1
16 96 3
17 1 3
17 2 18
17 3 35
17 4 35
17 5 37
17 6 27
17 7 23
17 8 21
17 9 22
17 10 23
17 11 1
17 15 1
17 24 2
17 26 56
17 27 10
17 28 5
17 36 15
17 37 17
17 41 1
17 45 7
17 51 62
17 54 5
17 64 4
17 71 3
17 97 1
18 0 19
18 1 36
18 2 38
18 3 14
18 4 8
18 6 6
18 7 6
18 8 5
18 9 3
18 10 1
18 11 2
18 13 5
18 16 2
18 26 60
18 30 3
18 31 2
18 33 3
18 34 1
18 37 15
18 38 3
18 39 11
18 42 11
18 49 8
18 51 61
19 3 20
19 4 3
19 6 5
19 7 3
19 8 19
19 9 11
19 10 1
19 11 1
19 18 3
19 26 62
19 29 1
19 32 15
19 33 2
19 38 2
19 40 26
19 41 2
19 42 8
19 43 4
19 51 61
20 1 3
20 2 5
20 3 6
20 4 5
20 5 13
20 7 7
20 9 1
20 14 2
20 16 3
20 17 5
20 19 3
20 26 66
20 32 1
20 34 2
20 37 11
20 38 30
20 39 8
20 41 14
20 42 6
20 47 1
20 48 16
20 51 61
20 64 2
21 0 8
21 1 1
21 2 4
21 4 14
21 5 23
21 7 5
21 9 2
21 14 6
21 17 7
21 20 2
21 26 68
21 32 1
21 33 11
21 34 8
21 35 3
21 38 14
21 39 23
21 42 20
21 43 1
21 47 1
21 51 60
21 60 3
21 61 1
21 62 15
21 63 12
21 64 21
21 68 9
22 1 8
22 2 6
22 3 12
22 4 9
22 5 12
22 6 1
22 7 5
22 10 9
22 14 1
22 19 26
22 20 1
22 26 69
22 32 29
22 34 17
22 35 14
22 46 8
22 47 7
22 51 57
22 63 7
22 65 16
22 66 1
22 71 4
22 72 5
23 3 1
23 5 2
23 7 7
23 8 4
23 11 5
23 20 10
23 21 1
23 24 5
23 26 74
23 32 13
23 34 5
23 35 3
23 37 3
23 38 4
23 39 9
23 44 4
23 45 11
23 46 5
23 51 61
23 65 1
23 70 4
23 73 9
23 74 6
24 1 5
24 2 5
24 3 30
24 4 15
24 5 3
24 6 8
24 7 1
24 9 2
24 10 18
24 17 7
24 19 11
24 22 2
24 23 15
24 26 84
24 31 29
24 37 2
24 39 9
24 42 4
24 44 10
24 51 71
24 60 6
24 63 23
24 69 2
24 70 8
24 74 17
24 75 12
24 76 14
25 0 25
25 1 48
25 2 60
25 3 12
25 4 12
25 5 20
25 6 12
25 7 6
25 8 47
25 9 37
25 10 39
25 11 31
25 12 24
25 13 6
25 14 2
25 15 17
25 19 1
25 25 5
25 26 44
25 29 9
25 30 6
25 42 19
25 51 33
25 53 2
25 55 2
25 60 4
25 62 6
25 63 3
25 64 9
25 67 4
25 70 6
25 74 18
25 75 26
25 76 21
25 77 18
26 0 32
26 1 100
26 2 67
26 3 55
26 4 60
26 5 50
26 6 48
26 7 40
26 8 42
26 9 56
26 10 73
26 11 65
26 12 55
26 13 39
26 14 23
26 15 45
26 16 59
26 17 97
26 18 94
26 19 54
26 20 22
26 21 37
26 22 68
26 23 71
26 24 72
26 25 32
26 26 32
26 28 5
26 29 3
26 41 18
26 42 12
26 45 30
26 47 7
26 51 32
26 54 2
26 63 5
26 64 14
26 65 7
26 66 14
26 69 4
26 73 2
26 83 1
26 84 4
27 1 3
27 9 19
27 10 36
27 11 6
27 13 1
27 16 12
27 17 10
27 18 1
27 19 6
27 20 36
27 29 1
27 35 3
27 37 1
27 42 36
27 44 2
27 45 6
27 46 8
27 58 2
27 63 5
27 64 20
27 67 6
27 68 3
27 71 3
27 74 3
27 76 7
27 77 5
27 79 7
27 82 4
27 83 7
27 92 1
28 12 12
28 13 31
28 14 9
28 17 54
28 18 24
28 24 2
28 25 7
28 28 3
28 40 4
28 44 5
28 46 6
28 50 4
28 51 7
28 53 4
28 54 3
28 56 1
28 58 5
28 60 5
28 62 2
28 63 9
28 65 9
28 67 1
28 68 5
28 69 3
28 70 10
28 74 3
28 75 4
28 76 6
28 77 24
28 78 15
28 80 2
28 81 4
28 82 2
28 85 3
28 88 2
29 1 9
29 3 8
29 4 29
29 14 1
29 15 15
29 16 25
29 19 2
29 21 23
29 23 21
29 24 23
29 25 5
29 27 12
29 28 1
29 29 6
29 41 3
29 42 6
29 46 7
29 47 13
29 50 12
29 51 5
29 53 2
29 56 24
29 57 15
29 58 10
29 60 4
29 63 3
29 64 2
29 65 10
29 67 9
29 68 2
29 70 4
29 74 11
29 75 5
29 76 1
29 77 10
29 78 17
29 85 1
30 2 20
30 3 32
30 5 23
30 6 37
30 7 31
30 8 15
30 9 2
30 17 6
30 18 24
30 22 46
30 23 20
30 28 17
30 30 2
30 31 5
30 43 3
30 44 7
30 48 10
30 49 12
30 53 5
30 54 9
30 56 4
30 57 13
30 58 2
30 63 5
30 65 19
30 66 28
30 67 13
30 68 16
30 69 36
30 72 4
30 74 4
30 76 3
30 77 6
30 79 2
30 83 3
30 84 2
31 1 1
31 5 43
31 11 6
31 19 21
31 20 3
31 23 12
31 27 8
31 28 2
31 31 3
31 36 1
31 37 6
31 45 10
31 46 3
31 49 11
31 53 9
31 57 15
31 59 6
31 60 22
31 64 14
31 67 22
31 68 9
31 69 11
31 70 37
31 71 3
31 72 19
31 74 7
31 75 3
31 76 4
31 79 1
31 80 4
31 81 6
31 97 5
32 1 14
32 6 22
32 20 4
32 21 11
32 24 13
32 32 17
32 38 2
32 47 4
32 50 11
32 53 5
32 58 5
32 59 39
32 60 10
32 68 12
32 71 6
32 72 16
32 73 11
32 78 7
32 81 4
32 86 1
32 87 2
33 1 2
33 2 1
33 3 19
33 4 15
33 5 11
33 7 58
33 8 59
33 9 52
33 10 51
33 11 37
33 12 21
33 13 11
33 14 16
33 15 15
33 16 17
33 17 21
33 18 19
33 19 23
33 20 26
33 22 47
33 23 45
33 24 42
33 25 17
33 27 1
33 28 3
33 31 1
33 38 4
33 47 6
33 51 17
33 54 11
33 69 3
33 70 11
33 71 5
33 72 6
33 73 5
33 78 1
33 82 8
33 89 2
34 0 12
34 1 4
34 2 5
34 3 29
34 4 42
34 5 26
34 6 14
34 7 17
34 8 9
34 16 3
34 17 1
34 21 2
34 22 9
34 26 12
34 27 3
34 28 1
34 29 1
34 31 6
34 32 1
34 35 1
34 54 11
34 55 15
34 56 3
34 59 2
34 71 30
34 72 14
34 73 3
34 74 6
34 75 6
34 83 20
34 90 9
34 91 4
34 98 1
35 0 6
35 1 19
35 2 15
35 3 10
35 4 7
35 5 6
35 6 2
35 7 2
35 10 1
35 11 3
35 12 1
35 26 6
35 55 1
35 56 1
35 57 2
35 73 20
35 74 8
35 75 1
35 76 9
35 78 2
35 84 2
35 85 3
35 88 3
35 90 1
35 91 17
35 92 1
35 98 8
36 0 20
36 1 38
36 2 24
36 3 19
36 4 20
36 5 7
36 6 23
36 7 34
36 8 26
36 9 28
36 10 30
36 11 29
36 12 29
36 13 29
36 14 29
36 15 29
36 16 29
36 17 27
36 18 26
36 19 24
36 20 23
36 21 23
36 22 23
36 23 20
36 24 19
36 25 7
36 26 20
36 27 1
36 32 3
36 34 1
36 51 7
36 55 14
36 56 11
36 60 6
36 74 24
36 76 8
36 77 14
36 78 8
36 81 7
36 83 1
36 84 13
36 86 7
36 91 1
36 92 3
36 98 18
37 3 1
37 6 5
37 7 8
37 8 1
37 11 4
37 31 1
37 56 8
37 58 1
37 62 3
37 67 1
37 75 3
37 76 6
37 78 4
37 79 7
37 81 9
37 84 4
37 85 4
37 86 11
37 92 4
37 93 3
37 98 26
38 4 7
38 5 2
38 9 2
38 11 10
38 12 13
38 30 3
38 34 2
38 59 1
38 65 5
38 66 9
38 77 11
38 79 6
38 80 17
38 82 3
38 83 7
38 84 10
38 85 5
38 86 2
38 93 10
38 98 27
39 5 7
39 6 8
39 9 8
39 10 6
39 11 14
39 12 18
39 13 1
39 15 22
39 16 30
39 17 11
39 18 16
39 19 22
39 30 2
39 33 6
39 38 20
39 41 14
39 42 4
39 65 1
39 76 25
39 77 16
39 80 1
39 81 24
39 83 7
39 84 17
39 85 18
39 86 11
40 2 14
40 3 2
40 4 1
40 5 13
40 13 9
40 14 22
40 15 22
40 17 10
40 30 3
40 34 15
40 40 2
40 65 6
40 75 8
40 76 11
40 78 2
40 82 6
40 83 5
40 84 2
40 85 11
40 94 7
40 97 22
41 1 24
41 2 5
41 3 2
41 4 19
41 5 7
41 6 16
41 7 32
41 8 3
41 9 10
41 10 9
41 12 2
41 13 2
41 14 6
41 28 10
41 29 7
41 30 8
41 34 16
41 35 13
41 40 9
41 65 2
41 68 16
41 75 15
41 76 16
41 77 36
41 78 6
41 79 15
41 83 5
41 85 27
42 0 4
42 4 23
42 5 1
42 8 10
42 9 23
42 13 1
42 15 3
42 26 4
42 34 5
42 35 27
42 36 14
42 38 5
42 40 4
42 41 3
42 44 1
42 66 4
42 68 7
42 78 10
42 82 1
42 83 8
42 84 24
42 85 25
42 95 1
42 96 25
43 2 18
43 9 4
43 10 34
43 11 40
43 13 8
43 15 6
43 19 5
43 27 2
43 29 3
43 35 1
43 36 21
43 38 13
43 67 6
43 68 31
43 71 5
43 78 27
43 84 5
43 85 10
43 95 49
43 96 5
44 1 1
44 4 17
44 5 4
44 8 6
44 9 5
44 10 18
44 11 4
44 12 10
44 13 24
44 15 2
44 16 9
44 20 8
44 21 4
44 27 1
44 28 16
44 29 3
44 31 1
44 37 21
44 39 9
44 40 1
44 46 1
44 65 2
44 67 1
44 68 39
44 69 8
44 70 14
44 71 13
44 85 5
44 90 1
44 93 2
44 94 27
45 3 8
45 4 20
45 5 12
45 6 9
45 7 6
45 10 2
45 11 1
45 12 28
45 14 26
45 15 3
45 38 14
45 46 2
45 65 4
45 66 4
45 68 22
45 69 10
45 71 8
45 77 1
45 87 1
45 93 52
45 94 5
46 6 1
46 8 2
46 12 16
46 13 2
46 14 6
46 15 23
46 16 4
46 22 5
46 34 4
46 38 3
46 48 8
46 64 61
46 67 7
46 68 7
46 75 3
46 76 16
46 77 39
46 82 1
46 87 1
46 91 1
46 92 25
46 93 3
47 9 3
47 10 2
47 11 7
47 12 1
47 13 6
47 16 22
47 22 2
47 38 20
47 39 1
47 47 2
47 48 2
47 64 4
47 69 5
47 70 5
47 75 9
47 76 23
47 77 13
47 78 36
47 82 3
47 83 20
47 88 2
47 89 5
47 90 25
48 6 9
48 7 6
48 8 1
48 9 14
48 10 28
48 11 31
48 12 22
48 13 2
48 14 4
48 20 8
48 21 12
48 32 19
48 33 10
48 34 1
48 46 15
48 47 17
48 63 45
48 64 1
48 71 3
48 72 2
48 75 10
48 77 2
48 80 2
48 81 4
49 2 2
49 3 3
49 4 2
49 6 12
49 8 30
49 9 8
49 10 6
49 11 9
49 19 36
49 21 2
49 24 6
49 25 3
49 32 14
49 38 16
49 39 6
49 45 17
49 46 10
49 51 3
49 61 14
49 62 25
49 63 6
49 78 8
49 81 2
49 82 6
49 84 39
49 89 10
50 1 2
50 2 1
50 5 30
50 6 15
50 7 10
50 8 5
50 9 2
50 10 19
50 11 21
50 12 1
50 13 38
50 14 33
50 15 7
50 16 4
50 31 19
50 36 2
50 37 1
50 38 1
50 39 12
50 40 8
50 42 6
50 58 7
50 59 7
50 60 11
50 62 2
50 83 3
50 84 11
50 89 2
50 90 7
51 0 44
51 1 98
51 2 103
51 3 80
51 4 28
51 5 32
51 6 39
51 7 35
51 8 31
51 9 25
51 10 25
51 11 32
51 12 39
51 13 51
51 14 69
51 15 74
51 16 71
51 17 93
51 18 91
51 19 55
51 20 61
51 21 58
51 22 69
51 23 72
51 24 73
51 25 33
51 26 44
51 29 9
51 30 6
51 42 19
51 51 33
53 2 3
53 3 7
53 4 57
53 5 40
53 6 12
53 7 4
53 8 8
53 9 22
53 10 39
53 11 51
53 12 38
53 13 28
53 14 22
53 15 33
53 16 45
53 17 55
53 18 53
53 19 35
53 20 8
53 21 12
53 22 39
53 23 54
53 24 38
53 25 28
53 26 35
53 27 12
53 30 1
53 31 18
53 32 3
53 38 11
53 39 3
53 42 10
53 43 15
53 44 1
53 55 7
53 56 6
53 57 9
53 71 1
53 72 2
53 73 1
53 74 2
53 76 1
53 79 1
53 83 26
53 85 7
53 86 3
53 90 15
53 91 11
54 1 40
54 2 8
54 3 9
54 4 2
54 13 14
54 14 8
54 15 4
54 17 4
54 18 13
54 19 5
54 21 2
54 22 6
54 25 5
54 31 1
54 32 13
54 33 11
54 34 15
54 35 14
54 39 22
54 41 19
54 42 6
54 54 9
54 83 7
54 84 31
54 85 3
54 87 4
54 90 4
54 91 42
55 1 28
55 21 22
55 22 37
55 23 6
55 32 2
55 33 13
55 34 8
55 36 4
55 40 22
55 53 26
55 73 3
55 75 4
55 84 12
55 85 49
55 86 19
56 1 8
56 4 2
56 22 4
56 24 5
56 25 36
56 26 16
56 33 10
56 34 52
56 35 29
56 36 6
56 50 6
56 53 14
56 76 6
56 78 6
56 85 19
56 86 33
56 92 4
56 102 3
57 1 14
57 5 7
57 25 3
57 28 35
57 29 10
57 34 4
57 36 75
57 37 63
57 38 22
57 39 31
57 40 40
57 41 1
57 49 16
57 53 19
57 79 3
57 80 2
57 81 3
57 87 10
57 88 12
57 89 7
57 90 3
57 91 13
57 92 30
57 100 5
58 1 14
58 5 2
58 6 3
58 9 1
58 28 5
58 29 1
58 30 13
58 31 21
58 37 1
58 38 8
58 39 6
58 40 1
58 41 34
58 47 22
58 48 2
58 50 33
58 53 22
58 55 3
58 56 6
58 82 5
58 83 1
58 93 7
58 94 4
59 1 5
59 3 2
59 5 25
59 6 18
59 9 10
59 10 1
59 11 5
59 12 3
59 30 10
59 32 4
59 33 40
59 42 1
59 43 26
59 45 19
59 46 6
59 48 26
59 49 8
59 53 19
59 54 1
59 55 7
59 56 14
59 58 1
59 59 2
59 61 2
59 64 1
59 83 2
59 84 7
59 86 4
59 94 7
59 95 16
59 97 5
59 98 1
59 100 11
59 101 9
60 1 26
60 4 19
60 5 30
60 6 4
60 8 1
60 9 2
60 10 26
60 11 28
60 12 12
60 14 5
60 15 5
60 16 4
60 17 1
60 32 1
60 35 29
60 44 31
60 46 13
60 47 28
60 53 22
60 55 1
60 56 16
60 57 2
60 62 3
60 63 1
60 86 4
60 88 4
60 98 9
60 99 10
61 1 33
61 2 3
61 3 7
61 6 9
61 7 23
61 8 18
61 12 2
61 14 10
61 15 21
61 16 17
61 17 16
61 18 17
61 19 14
61 36 5
61 37 20
61 38 5
61 45 48
61 53 29
61 57 4
61 60 2
61 88 6
61 89 3
61 97 13
61 98 10
62 1 14
62 3 6
62 4 5
62 9 25
62 10 29
62 21 15
62 38 27
62 39 8
62 46 6
62 53 25
62 58 1
62 61 7
62 62 5
62 90 12
62 91 12
62 92 1
62 98 9
62 99 7
63 2 7
63 3 7
63 4 2
63 8 3
63 10 4
63 11 32
63 12 8
63 22 2
63 23 2
63 40 29
63 47 6
63 48 1
63 55 2
63 57 4
63 58 4
63 59 1
63 63 13
63 64 3
63 74 1
63 75 4
63 91 3
63 99 9
63 100 9
64 1 2
64 2 7
64 4 6
64 7 2
64 8 3
64 12 12
64 13 6
64 41 18
64 42 4
64 47 1
64 48 5
64 49 3
64 53 2
64 63 1
64 64 20
64 65 3
64 76 1
64 93 1
64 100 10
64 101 8
65 3 10
65 4 6
65 10 2
65 11 3
65 12 2
65 13 16
65 24 2
65 42 13
65 43 2
65 49 6
65 50 2
65 65 8
65 94 4
65 101 8
65 102 4
66 1 1
66 5 4
66 6 7
66 13 1
66 14 9
66 43 24
66 50 8
66 53 1
66 54 1
66 66 9
66 94 3
66 95 18
66 96 18
66 102 8
67 2 3
67 3 11
67 7 4
67 8 13
67 9 26
67 10 16
67 12 1
67 42 16
67 43 1
67 54 1
67 62 4
67 63 3
67 64 1
67 93 2
68 1 59
68 2 31
68 3 20
68 4 29
68 5 26
68 6 14
68 7 5
68 8 1
68 11 5
68 14 5
68 18 1
68 43 10
68 44 11
68 54 2
68 95 3
69 1 2
69 2 17
69 3 26
69 4 40
69 5 43
69 6 43
69 7 49
69 8 43
69 9 39
69 10 16
69 12 1
69 13 4
69 15 4
69 16 14
69 17 17
69 18 17
69 19 12
69 20 9
69 21 8
69 22 7
69 23 6
69 24 8
69 25 6
69 26 4
69 27 7
69 28 6
69 29 8
69 30 7
69 31 6
69 32 4
69 33 4
69 34 6
69 35 7
69 36 5
69 37 7
69 38 8
69 39 13
69 40 11
69 41 12
69 42 13
69 43 16
69 44 16
69 62 1
70 1 17
70 2 21
70 3 26
70 4 27
70 5 25
70 6 22
70 7 22
70 8 18
70 9 14
70 10 14
70 11 14
70 12 7
70 13 4
70 14 5
70 15 1
70 19 3
70 20 5
70 21 3
70 22 4
70 23 3
70 24 5
70 25 3
70 26 3
70 27 3
70 28 3
70 29 3
70 30 2
70 31 1
70 32 2
70 33 2
70 34 1
70 36 1
70 38 2
70 45 1
72 1 2
72 6 2
72 7 2
72 8 3
72 9 3
72 10 6
72 11 4
72 13 3
72 14 2
72 16 3
72 17 3
72 18 4
72 19 4
72 20 4
72 21 4
72 22 5
72 23 6
72 24 6
72 25 3
72 26 4
72 27 3
72 28 4
72 29 3
72 30 4
72 31 3
72 32 4
72 33 4
72 34 4
72 35 5
72 36 8
72 37 6
72 38 5
72 39 5
72 40 6
72 41 6
72 42 5
72 43 4
72 44 4
72 45 3
72 46 4
72 47 5
72 48 3
72 49 4
72 50 4
72 64 2
73 1 10
73 2 7
73 3 5
73 5 9
73 6 32
73 7 32
73 8 37
73 9 11
73 10 33
73 12 12
73 13 8
73 14 19
73 15 25
73 17 18
73 18 14
73 19 9
73 20 14
73 21 12
73 22 10
73 23 9
73 24 8
73 25 10
73 26 6
73 27 7
73 28 8
73 29 8
73 30 7
73 31 7
73 32 4
73 33 5
73 34 4
73 35 2
73 36 3
73 37 2
73 38 2
73 39 4
73 40 4
73 41 3
73 42 3
73 43 2
73 44 3
73 48 1
73 53 1
73 54 4
73 57 2
73 63 4
73 64 17
73 65 8
73 71 2
74 10 1
74 11 20
74 12 6
74 13 15
74 14 2
74 16 9
74 17 4
74 18 1
74 20 7
74 22 4
74 60 3
74 63 10
74 64 18
74 67 8
74 68 15
74 69 12
74 71 4
74 73 3
75 9 2
75 10 5
75 11 10
75 12 20
75 13 14
75 14 8
75 15 5
75 16 33
75 17 28
75 18 35
75 19 16
75 20 8
75 22 1
75 58 6
75 63 1
75 65 4
75 67 7
75 68 5
76 7 2
76 8 15
76 11 13
76 14 4
76 15 8
76 16 1
76 17 16
76 19 12
76 20 12
76 21 2
76 22 8
76 23 10
76 62 6
76 63 9
76 67 3
76 68 5
76 70 11
76 74 13
76 75 21
76 76 1
77 1 8
77 2 19
77 3 14
77 5 4
77 7 16
77 8 38
77 9 34
77 10 1
77 11 7
77 12 12
77 13 1
77 15 4
77 16 1
77 18 9
77 19 20
77 20 3
77 21 3
77 22 13
77 24 33
77 25 31
77 28 6
77 53 17
77 59 3
77 60 6
77 61 3
77 62 5
77 71 10
77 72 2
77 74 4
77 75 4
77 76 1
77 77 13
78 1 27
78 2 31
78 3 16
78 11 12
78 12 15
78 13 27
78 14 21
78 15 22
78 18 3
78 20 1
78 21 1
78 22 8
78 23 5
78 24 19
78 26 4
78 31 7
78 32 13
78 33 54
78 34 57
78 35 41
78 36 31
78 38 5
78 61 2
78 62 13
78 63 1
78 64 11
78 65 9
78 67 6
78 68 3
78 75 5
78 76 19
78 78 4
78 84 10
78 85 2
78 88 1
78 89 2
79 1 10
79 2 33
79 6 3
79 7 2
79 12 2
79 13 15
79 15 8
79 17 1
79 20 15
79 21 24
79 22 1
79 23 18
79 24 5
79 26 8
79 27 4
79 28 2
79 29 9
79 30 40
79 31 9
79 32 2
79 33 1
79 34 6
79 35 5
79 36 20
79 37 36
79 38 23
79 39 18
79 40 16
79 53 8
79 55 1
79 60 3
79 62 24
79 63 4
79 64 3
79 66 7
79 67 12
79 68 4
79 69 3
79 70 2
79 71 4
79 75 1
79 76 3
79 78 4
79 79 1
79 81 3
79 82 10
79 83 18
79 89 1
79 90 3
79 91 11
79 92 6
80 1 17
80 2 26
80 5 14
80 6 4
80 8 3
80 9 7
80 10 2
80 11 3
80 12 14
80 14 9
80 16 1
80 17 3
80 18 37
80 19 18
80 22 13
80 23 26
80 25 17
80 26 15
80 27 5
80 28 26
80 29 36
80 30 3
80 32 4
80 38 1
80 41 2
80 59 2
80 61 1
80 64 17
80 65 3
80 66 3
80 68 3
80 69 19
80 70 5
80 71 2
80 74 10
80 76 20
80 77 12
80 78 4
80 79 1
80 80 17
80 81 8
80 83 2
80 92 1
81 1 17
81 4 24
81 5 17
81 6 3
81 7 30
81 8 22
81 10 9
81 11 5
81 12 1
81 13 16
81 14 8
81 16 13
81 17 12
81 19 9
81 22 12
81 23 4
81 24 4
81 26 30
81 29 1
81 32 9
81 33 5
81 34 7
81 42 1
81 43 2
81 54 9
81 57 18
81 58 13
81 59 5
81 61 4
81 65 6
81 66 12
81 67 1
81 68 5
81 69 13
81 70 2
81 74 5
81 77 10
81 78 3
81 80 2
81 83 7
82 1 13
82 3 11
82 4 13
82 5 10
82 6 10
82 9 8
82 11 9
82 12 38
82 13 28
82 14 44
82 15 11
82 16 13
82 17 8
82 18 12
82 19 3
82 23 5
82 24 17
82 26 7
82 27 23
82 30 1
82 32 5
82 44 3
82 53 3
82 54 2
82 55 10
82 58 5
82 62 9
82 63 16
82 64 8
82 65 15
82 67 11
82 68 4
82 69 1
82 70 7
82 71 24
82 72 11
82 73 1
82 74 2
82 75 12
82 76 5
82 77 20
82 78 2
82 81 1
82 85 2
82 86 3
82 96 2
83 1 10
83 2 1
83 3 5
83 4 23
83 6 15
83 8 6
83 9 29
83 11 4
83 12 22
83 15 33
83 16 15
83 17 19
83 18 15
83 19 23
83 20 9
83 21 38
83 22 7
83 23 15
83 24 32
83 25 35
83 26 10
83 28 4
83 32 1
83 33 2
83 34 1
83 53 16
83 57 9
83 58 24
83 59 19
83 60 19
83 61 3
83 63 15
83 64 9
83 67 17
83 68 11
83 69 23
83 71 5
83 72 23
83 74 39
83 78 21
83 83 1
83 87 5
84 1 7
84 6 12
84 8 31
84 9 71
84 10 39
84 12 2
84 13 3
84 16 13
84 18 11
84 19 26
84 21 21
84 22 6
84 25 2
84 27 2
84 29 24
84 34 1
84 58 7
84 60 5
84 61 4
84 62 2
84 63 7
84 68 20
84 69 30
84 70 5
84 71 7
84 73 17
84 74 3
84 77 5
84 86 1
84 88 3
85 1 1
85 2 4
85 3 5
85 9 9
85 10 3
85 11 4
85 12 4
85 13 3
85 16 4
85 17 8
85 18 43
85 20 27
85 21 9
85 24 7
85 26 6
85 28 10
85 29 9
85 30 11
85 31 3
85 35 4
85 36 2
85 37 7
85 38 1
85 59 7
85 70 7
85 71 3
85 72 14
85 73 10
85 76 6
85 77 6
85 78 7
85 79 8
85 81 2
85 84 2
85 89 6
86 2 1
86 4 8
86 5 1
86 7 10
86 9 1
86 16 1
86 18 6
86 19 29
86 21 26
86 22 21
86 23 2
86 24 3
86 25 9
86 29 3
86 30 2
86 32 3
86 34 1
86 38 11
86 39 4
86 55 5
86 70 2
86 71 22
86 72 32
86 73 11
86 74 9
86 75 11
86 77 11
86 81 3
86 82 3
86 85 1
86 90 8
87 3 1
87 5 11
87 6 12
87 16 11
87 17 12
87 18 3
87 21 62
87 22 11
87 23 16
87 24 26
87 26 2
87 27 1
87 30 12
87 32 2
87 39 6
87 55 19
87 73 6
87 79 2
87 84 11
87 86 1
88 3 11
88 4 16
88 6 1
88 7 13
88 8 15
88 9 1
88 10 3
88 14 1
88 18 8
88 19 6
88 21 15
88 22 18
88 25 19
88 26 20
88 28 3
88 30 2
88 31 1
88 40 3
88 55 7
88 56 10
88 73 1
88 74 35
88 75 16
88 78 19
88 79 7
88 81 11
88 83 12
88 85 2
88 87 1
88 92 8
89 4 13
89 5 8
89 6 27
89 7 13
89 10 2
89 11 5
89 14 1
89 15 8
89 16 8
89 17 1
89 20 1
89 24 6
89 25 5
89 26 6
89 27 25
89 28 31
89 29 21
89 31 13
89 32 5
89 33 2
89 40 1
89 42 2
89 43 1
89 56 7
89 57 16
89 75 15
89 76 17
89 78 3
89 79 15
89 82 4
89 83 6
89 85 2
89 88 1
89 92 6
89 93 2
90 6 10
90 7 20
90 8 24
90 9 29
90 10 26
90 11 15
90 12 9
90 14 5
90 24 1
90 25 16
90 26 4
90 27 1
90 28 20
90 31 8
90 32 11
90 33 26
90 41 3
90 76 11
90 77 15
90 78 3
90 79 2
90 80 17
90 81 7
90 83 9
90 84 5
90 85 11
90 89 1
90 90 1
91 13 3
91 14 3
91 24 15
91 25 11
91 27 11
91 28 4
91 29 7
91 30 10
91 31 4
91 32 5
91 33 15
91 34 9
91 46 1
91 77 5
91 78 18
91 82 1
91 84 10
91 85 1
91 86 13
91 94 6
91 98 4
92 13 1
92 23 1
92 24 1
92 25 1
92 26 1
92 27 7
92 28 2
92 29 7
92 30 11
92 31 10
92 32 13
92 45 6
92 76 9
92 78 14
92 81 6
92 82 3
92 83 1
92 94 1
92 97 8
93 24 40
93 25 27
93 26 1
93 30 16
93 31 6
93 32 18
93 33 7
93 45 2
93 76 25
93 77 25
93 78 10
93 79 9
93 80 1
93 82 10
93 83 10
93 97 8
94 19 4
94 20 3
94 21 1
94 22 3
94 24 33
94 29 2
94 31 6
94 32 19
94 43 1
94 44 13
94 76 12
94 77 24
94 78 5
94 83 9
94 84 21
94 96 9
95 26 16
95 32 4
95 33 39
95 37 1
95 42 2
95 43 4
95 68 3
95 71 4
95 81 2
95 84 5
95 85 9
95 89 5
95 95 11
96 11 1
96 12 5
96 13 2
96 16 5
96 23 3
96 24 5
96 28 1
96 29 2
96 34 1
96 37 1
96 41 1
96 42 45
96 67 2
96 69 3
96 85 2
96 86 4
96 94 13
96 95 1
97 13 30
97 14 43
97 19 28
97 20 27
97 21 23
97 22 8
97 24 3
97 25 7
97 34 2
97 35 1
97 40 2
97 41 23
97 42 4
97 64 5
97 66 2
97 67 2
97 68 1
97 76 4
98 12 13
98 15 14
98 16 19
98 17 2
98 19 8
98 20 16
98 21 1
98 23 3
98 25 35
98 40 56
98 41 1
98 50 4
98 64 2
98 67 9
98 68 18
98 69 1
98 71 1
98 76 5
98 86 1
98 91 11
98 92 5
99 12 9
99 16 1
99 17 17
99 18 25
99 23 6
99 24 28
99 25 7
99 26 6
99 30 5
99 31 14
99 37 1
99 38 33
99 39 20
99 40 17
99 41 11
99 42 7
99 43 7
99 44 6
99 45 4
99 46 3
99 47 3
99 48 7
99 49 5
99 63 6
99 64 14
99 69 10
99 70 7
99 76 7
99 77 21
99 82 3
99 83 17
99 90 9
99 91 6
100 10 1
100 11 33
100 12 1
100 16 1
100 19 9
100 20 28
100 21 12
100 22 3
100 24 24
100 27 30
100 28 37
100 29 30
100 37 18
100 38 2
100 63 26
100 71 8
100 75 2
100 76 5
100 77 6
100 78 12
100 82 14
100 83 17
100 84 2
100 87 1
100 89 5
101 8 3
101 9 14
101 10 42
101 12 2
101 13 2
101 18 5
101 19 4
101 20 6
101 25 2
101 26 7
101 27 9
101 29 11
101 30 5
101 37 3
101 61 19
101 62 32
101 63 1
101 82 1
101 88 2
101 89 8
102 5 3
102 6 13
102 7 83
102 8 63
102 17 3
102 18 5
102 19 9
102 20 16
102 21 12
102 23 1
102 24 14
102 25 33
102 26 44
102 27 55
102 28 36
102 29 4
102 30 9
102 31 1
102 32 3
102 33 3
102 37 3
102 38 21
102 39 12
102 40 11
102 41 12
102 42 15
102 43 4
102 58 11
102 59 8
102 60 16
102 80 2
102 82 6
102 85 6
102 89 14
